0.000 1.000 -1.000 0.600 0.400
1.000 -1.000 -1.000 0.600 0.400
0.000 1.000 -1.000 0.600 0.400
0.000 1.000 -1.000 0.600 0.400
0.000 1.000 -1.000 0.600 0.400
1.000 -1.000 -1.000 0.600 0.400
0.000 1.000 -1.000 0.600 0.400
1.000 -1.000 -1.000 0.600 0.400
0.000 1.000 -1.000 0.600 0.400
0.000 1.000 -1.000 0.600 0.400
1.000 -1.000 -1.000 0.600 0.400
0.000 1.000 -1.000 0.600 0.400
1.000 -1.000 -1.000 0.600 0.400
1.000 -1.000 -1.000 0.600 0.400
1.000 -1.000 -1.000 0.600 0.400
1.000 -1.000 -1.000 0.600 0.400
0.000 1.000 -1.000 0.600 0.400
0.000 1.000 -1.000 0.600 0.400
1.000 -1.000 -1.000 0.600 0.400
0.000 1.000 -1.000 0.600 0.400
1.000 -1.000 -1.000 0.600 0.400
0.000 1.000 -1.000 0.600 0.400
0.000 1.000 -1.000 0.600 0.400
1.000 -1.000 -1.000 0.600 0.400
1.000 -1.000 -1.000 0.600 0.400
1.000 -1.000 -1.000 0.600 0.400
1.000 -1.000 -1.000 0.600 0.400
1.000 -1.000 -1.000 0.600 0.400
0.000 1.000 -1.000 0.600 0.400
0.000 1.000 -1.000 0.600 0.400
1.000 -1.000 -1.000 0.600 0.400
1.000 -1.000 -1.000 0.600 0.400
1.000 -1.000 -1.000 0.600 0.400
1.000 -1.000 -1.000 0.600 0.400
0.000 1.000 -1.000 0.600 0.400
1.000 -1.000 -1.000 0.600 0.400
1.000 -1.000 -1.000 0.600 0.400
0.000 1.000 -1.000 0.600 0.400
0.000 1.000 -1.000 0.600 0.400
0.000 1.000 -1.000 0.600 0.400
0.000 1.000 -1.000 0.600 0.400
0.000 1.000 -1.000 0.600 0.400
0.000 1.000 -1.000 0.600 0.400
0.000 1.000 -1.000 0.600 0.400
0.000 1.000 -1.000 0.600 0.400
0.000 1.000 -1.000 0.600 0.400
0.000 1.000 -1.000 0.600 0.400
1.000 -1.000 -1.000 0.600 0.400
0.000 1.000 -1.000 0.600 0.400
0.000 1.000 -1.000 0.600 0.400
0.000 1.000 -1.000 0.600 0.400
0.000 1.000 -1.000 0.600 0.400
0.000 1.000 -1.000 0.600 0.400
1.000 -1.000 -1.000 0.600 0.400
1.000 -1.000 -1.000 0.600 0.400
0.000 1.000 -1.000 0.600 0.400
0.000 1.000 -1.000 0.600 0.400
1.000 -1.000 -1.000 0.600 0.400
0.000 1.000 -1.000 0.600 0.400
0.000 1.000 -1.000 0.600 0.400
0.000 1.000 -1.000 0.600 0.400
0.000 1.000 -1.000 0.600 0.400
0.000 1.000 -1.000 0.600 0.400
1.000 -1.000 -1.000 0.600 0.400
1.000 -1.000 -1.000 0.600 0.400
0.000 1.000 -1.000 0.600 0.400
0.000 1.000 -1.000 0.600 0.400
0.000 1.000 -1.000 0.600 0.400
1.000 -1.000 -1.000 0.600 0.400
0.000 1.000 -1.000 0.600 0.400
1.000 -1.000 -1.000 0.600 0.400
0.000 1.000 -1.000 0.600 0.400
0.000 1.000 -1.000 0.600 0.400
0.000 1.000 -1.000 0.600 0.400
1.000 -1.000 -1.000 0.600 0.400
1.000 -1.000 -1.000 0.600 0.400
1.000 -1.000 -1.000 0.600 0.400
0.000 1.000 -1.000 0.600 0.400
0.000 1.000 -1.000 0.600 0.400
0.000 1.000 -1.000 0.600 0.400
1.000 -1.000 -1.000 0.600 0.400
0.000 1.000 -1.000 0.600 0.400
0.000 1.000 -1.000 0.600 0.400
0.000 1.000 -1.000 0.600 0.400
0.000 1.000 -1.000 0.600 0.400
1.000 -1.000 -1.000 0.600 0.400
0.000 1.000 -1.000 0.600 0.400
1.000 -1.000 -1.000 0.600 0.400
0.000 1.000 -1.000 0.600 0.400
0.000 1.000 -1.000 0.600 0.400
1.000 -1.000 -1.000 0.600 0.400
0.000 1.000 -1.000 0.600 0.400
1.000 -1.000 -1.000 0.600 0.400
0.000 1.000 -1.000 0.600 0.400
0.000 1.000 -1.000 0.600 0.400
0.000 1.000 -1.000 0.600 0.400
0.000 1.000 -1.000 0.600 0.400
1.000 -1.000 -1.000 0.600 0.400
0.000 1.000 -1.000 0.600 0.400
1.000 -1.000 -1.000 0.600 0.400
