0.000 1.000 -1.000 0.489 0.511
0.000 1.000 -1.000 0.487 0.513
1.000 -1.000 -1.000 0.487 0.513
1.000 -1.000 -1.000 0.487 0.513
1.000 -1.000 -1.000 0.486 0.514
0.000 1.000 -1.000 0.489 0.511
1.000 -1.000 -1.000 0.486 0.514
0.000 1.000 -1.000 0.486 0.514
1.000 -1.000 -1.000 0.490 0.510
1.000 -1.000 -1.000 0.484 0.516
0.000 1.000 -1.000 0.486 0.514
1.000 -1.000 -1.000 0.494 0.506
0.000 1.000 -1.000 0.488 0.512
1.000 -1.000 -1.000 0.484 0.516
0.000 1.000 -1.000 0.489 0.511
1.000 -1.000 -1.000 0.486 0.514
1.000 -1.000 -1.000 0.487 0.513
0.000 1.000 -1.000 0.491 0.509
0.000 1.000 -1.000 0.488 0.512
0.000 1.000 -1.000 0.491 0.509
1.000 -1.000 -1.000 0.486 0.514
0.000 1.000 -1.000 0.491 0.509
1.000 -1.000 -1.000 0.488 0.512
0.000 1.000 -1.000 0.492 0.508
1.000 -1.000 -1.000 0.487 0.513
1.000 -1.000 -1.000 0.484 0.516
1.000 -1.000 -1.000 0.485 0.515
1.000 -1.000 -1.000 0.482 0.518
0.000 1.000 -1.000 0.478 0.522
1.000 -1.000 -1.000 0.489 0.511
0.000 1.000 -1.000 0.483 0.517
0.000 1.000 -1.000 0.492 0.508
1.000 -1.000 -1.000 0.481 0.519
1.000 -1.000 -1.000 0.486 0.514
1.000 -1.000 -1.000 0.487 0.513
1.000 -1.000 -1.000 0.486 0.514
0.000 1.000 -1.000 0.488 0.512
0.000 1.000 -1.000 0.492 0.508
0.000 1.000 -1.000 0.488 0.512
0.000 1.000 -1.000 0.492 0.508
0.000 1.000 -1.000 0.492 0.508
0.000 1.000 -1.000 0.487 0.513
1.000 -1.000 -1.000 0.486 0.514
1.000 -1.000 -1.000 0.490 0.510
0.000 1.000 -1.000 0.490 0.510
1.000 -1.000 -1.000 0.489 0.511
0.000 1.000 -1.000 0.488 0.512
0.000 1.000 -1.000 0.488 0.512
0.000 1.000 -1.000 0.488 0.512
0.000 1.000 -1.000 0.488 0.512
1.000 -1.000 -1.000 0.483 0.517
0.000 1.000 -1.000 0.487 0.513
1.000 -1.000 -1.000 0.484 0.516
0.000 1.000 -1.000 0.487 0.513
0.000 1.000 -1.000 0.490 0.510
0.000 1.000 -1.000 0.491 0.509
0.000 1.000 -1.000 0.486 0.514
1.000 -1.000 -1.000 0.489 0.511
1.000 -1.000 -1.000 0.483 0.517
0.000 1.000 -1.000 0.483 0.517
0.000 1.000 -1.000 0.491 0.509
0.000 1.000 -1.000 0.490 0.510
1.000 -1.000 -1.000 0.487 0.513
1.000 -1.000 -1.000 0.485 0.515
1.000 -1.000 -1.000 0.485 0.515
0.000 1.000 -1.000 0.489 0.511
0.000 1.000 -1.000 0.495 0.505
0.000 1.000 -1.000 0.488 0.512
0.000 1.000 -1.000 0.487 0.513
0.000 1.000 -1.000 0.490 0.510
0.000 1.000 -1.000 0.490 0.510
1.000 -1.000 -1.000 0.485 0.515
1.000 -1.000 -1.000 0.488 0.512
1.000 -1.000 -1.000 0.493 0.507
0.000 1.000 -1.000 0.489 0.511
1.000 -1.000 -1.000 0.484 0.516
1.000 -1.000 -1.000 0.483 0.517
1.000 -1.000 -1.000 0.487 0.513
1.000 -1.000 -1.000 0.485 0.515
1.000 -1.000 -1.000 0.488 0.512
1.000 -1.000 -1.000 0.488 0.512
1.000 -1.000 -1.000 0.486 0.514
0.000 1.000 -1.000 0.488 0.512
1.000 -1.000 -1.000 0.486 0.514
0.000 1.000 -1.000 0.490 0.510
0.000 1.000 -1.000 0.489 0.511
0.000 1.000 -1.000 0.487 0.513
1.000 -1.000 -1.000 0.485 0.515
0.000 1.000 -1.000 0.491 0.509
0.000 1.000 -1.000 0.487 0.513
1.000 -1.000 -1.000 0.486 0.514
0.000 1.000 -1.000 0.489 0.511
1.000 -1.000 -1.000 0.487 0.513
0.000 1.000 -1.000 0.490 0.510
0.000 1.000 -1.000 0.491 0.509
0.000 1.000 -1.000 0.491 0.509
0.000 1.000 -1.000 0.493 0.507
1.000 -1.000 -1.000 0.486 0.514
0.000 1.000 -1.000 0.486 0.514
1.000 -1.000 -1.000 0.486 0.514
