0.000 -1.000 1.000 0.510 0.490
0.000 -1.000 1.000 0.466 0.534
0.000 -1.000 1.000 0.426 0.574
1.000 1.000 1.000 0.493 0.507
0.000 -1.000 1.000 0.473 0.527
1.000 1.000 1.000 0.500 0.500
1.000 1.000 1.000 0.510 0.490
0.000 -1.000 1.000 0.510 0.490
1.000 1.000 1.000 0.455 0.545
0.000 -1.000 1.000 0.533 0.467
0.000 -1.000 1.000 0.489 0.511
1.000 1.000 1.000 0.489 0.511
1.000 1.000 1.000 0.471 0.529
0.000 -1.000 1.000 0.434 0.566
0.000 -1.000 1.000 0.474 0.526
0.000 -1.000 1.000 0.490 0.510
0.000 -1.000 1.000 0.500 0.500
1.000 1.000 1.000 0.515 0.485
0.000 -1.000 1.000 0.551 0.449
1.000 1.000 1.000 0.476 0.524
0.000 -1.000 1.000 0.500 0.500
1.000 1.000 1.000 0.500 0.500
1.000 1.000 1.000 0.508 0.492
0.000 -1.000 1.000 0.423 0.577
0.000 -1.000 1.000 0.478 0.522
1.000 1.000 1.000 0.526 0.474
0.000 -1.000 1.000 0.500 0.500
0.000 -1.000 1.000 0.465 0.535
1.000 1.000 1.000 0.464 0.536
0.000 -1.000 1.000 0.464 0.536
0.000 -1.000 1.000 0.546 0.454
1.000 1.000 1.000 0.508 0.492
1.000 1.000 1.000 0.471 0.529
1.000 1.000 1.000 0.516 0.484
1.000 1.000 1.000 0.500 0.500
0.000 -1.000 1.000 0.459 0.541
1.000 1.000 1.000 0.457 0.543
0.000 -1.000 1.000 0.445 0.555
1.000 1.000 1.000 0.459 0.541
0.000 -1.000 1.000 0.506 0.494
0.000 -1.000 1.000 0.435 0.565
0.000 -1.000 1.000 0.448 0.552
1.000 1.000 1.000 0.455 0.545
1.000 1.000 1.000 0.478 0.522
0.000 -1.000 1.000 0.484 0.516
0.000 -1.000 1.000 0.449 0.551
1.000 1.000 1.000 0.500 0.500
0.000 -1.000 1.000 0.536 0.464
1.000 1.000 1.000 0.483 0.517
1.000 1.000 1.000 0.516 0.484
0.000 -1.000 1.000 0.500 0.500
1.000 1.000 1.000 0.454 0.546
1.000 1.000 1.000 0.522 0.478
1.000 1.000 1.000 0.482 0.518
1.000 1.000 1.000 0.409 0.591
1.000 1.000 1.000 0.506 0.494
1.000 1.000 1.000 0.529 0.471
0.000 -1.000 1.000 0.419 0.581
1.000 1.000 1.000 0.480 0.520
1.000 1.000 1.000 0.471 0.529
1.000 1.000 1.000 0.448 0.552
0.000 -1.000 1.000 0.482 0.518
1.000 1.000 1.000 0.471 0.529
0.000 -1.000 1.000 0.473 0.527
1.000 1.000 1.000 0.413 0.587
1.000 1.000 1.000 0.529 0.471
0.000 -1.000 1.000 0.438 0.562
0.000 -1.000 1.000 0.479 0.521
1.000 1.000 1.000 0.490 0.510
0.000 -1.000 1.000 0.524 0.476
1.000 1.000 1.000 0.546 0.454
0.000 -1.000 1.000 0.444 0.556
1.000 1.000 1.000 0.482 0.518
0.000 -1.000 1.000 0.487 0.513
0.000 -1.000 1.000 0.523 0.477
0.000 -1.000 1.000 0.459 0.541
0.000 -1.000 1.000 0.516 0.484
1.000 1.000 1.000 0.431 0.569
0.000 -1.000 1.000 0.459 0.541
1.000 1.000 1.000 0.500 0.500
0.000 -1.000 1.000 0.484 0.516
1.000 1.000 1.000 0.459 0.541
1.000 1.000 1.000 0.513 0.487
1.000 1.000 1.000 0.514 0.486
0.000 -1.000 1.000 0.505 0.495
1.000 1.000 1.000 0.471 0.529
1.000 1.000 1.000 0.500 0.500
1.000 1.000 1.000 0.480 0.520
1.000 1.000 1.000 0.435 0.565
0.000 -1.000 1.000 0.491 0.509
1.000 1.000 1.000 0.449 0.551
1.000 1.000 1.000 0.438 0.562
1.000 1.000 1.000 0.438 0.562
0.000 -1.000 1.000 0.446 0.554
1.000 1.000 1.000 0.538 0.462
1.000 1.000 1.000 0.491 0.509
1.000 1.000 1.000 0.500 0.500
1.000 1.000 1.000 0.424 0.576
1.000 1.000 1.000 0.447 0.553
1.000 1.000 1.000 0.515 0.485
