# True_Label,-1,1
-1.000 0.484 0.516
-1.000 0.484 0.516
1.000 0.483 0.517
1.000 0.482 0.518
-1.000 0.484 0.516
-1.000 0.483 0.517
-1.000 0.481 0.519
1.000 0.481 0.519
1.000 0.483 0.517
-1.000 0.482 0.518
-1.000 0.482 0.518
1.000 0.481 0.519
-1.000 0.481 0.519
-1.000 0.484 0.516
-1.000 0.481 0.519
-1.000 0.480 0.520
1.000 0.483 0.517
1.000 0.485 0.515
1.000 0.482 0.518
-1.000 0.480 0.520
-1.000 0.482 0.518
-1.000 0.482 0.518
-1.000 0.480 0.520
1.000 0.483 0.517
-1.000 0.484 0.516
-1.000 0.484 0.516
1.000 0.482 0.518
1.000 0.481 0.519
-1.000 0.481 0.519
1.000 0.482 0.518
-1.000 0.484 0.516
1.000 0.484 0.516
1.000 0.480 0.520
-1.000 0.482 0.518
1.000 0.484 0.516
-1.000 0.481 0.519
-1.000 0.481 0.519
-1.000 0.481 0.519
-1.000 0.485 0.515
-1.000 0.480 0.520
1.000 0.481 0.519
-1.000 0.481 0.519
-1.000 0.483 0.517
1.000 0.482 0.518
-1.000 0.482 0.518
1.000 0.484 0.516
-1.000 0.483 0.517
-1.000 0.483 0.517
1.000 0.482 0.518
-1.000 0.480 0.520
-1.000 0.482 0.518
-1.000 0.482 0.518
-1.000 0.484 0.516
1.000 0.481 0.519
-1.000 0.481 0.519
-1.000 0.484 0.516
1.000 0.482 0.518
-1.000 0.480 0.520
-1.000 0.480 0.520
-1.000 0.484 0.516
-1.000 0.482 0.518
-1.000 0.482 0.518
1.000 0.482 0.518
-1.000 0.483 0.517
-1.000 0.480 0.520
-1.000 0.483 0.517
1.000 0.483 0.517
1.000 0.480 0.520
-1.000 0.482 0.518
-1.000 0.481 0.519
-1.000 0.482 0.518
-1.000 0.482 0.518
1.000 0.482 0.518
-1.000 0.483 0.517
-1.000 0.482 0.518
-1.000 0.481 0.519
-1.000 0.480 0.520
-1.000 0.484 0.516
1.000 0.483 0.517
1.000 0.483 0.517
-1.000 0.484 0.516
1.000 0.482 0.518
1.000 0.484 0.516
-1.000 0.481 0.519
1.000 0.484 0.516
1.000 0.481 0.519
1.000 0.482 0.518
1.000 0.482 0.518
1.000 0.483 0.517
1.000 0.483 0.517
1.000 0.481 0.519
1.000 0.481 0.519
1.000 0.483 0.517
-1.000 0.483 0.517
1.000 0.482 0.518
1.000 0.482 0.518
1.000 0.483 0.517
1.000 0.484 0.516
-1.000 0.484 0.516
1.000 0.483 0.517
