# True_Label,-1,+1
1.000 0.142 0.858
1.000 0.000 1.000
1.000 0.000 1.000
1.000 0.202 0.798
1.000 0.000 1.000
1.000 0.153 0.847
1.000 0.055 0.945
1.000 0.050 0.950
1.000 0.000 1.000
1.000 0.000 1.000
1.000 0.211 0.789
1.000 0.208 0.792
1.000 0.179 0.821
1.000 0.064 0.936
1.000 0.215 0.785
1.000 0.142 0.858
1.000 0.000 1.000
1.000 0.000 1.000
1.000 0.073 0.927
1.000 0.000 1.000
1.000 0.038 0.962
1.000 0.000 1.000
1.000 0.000 1.000
1.000 0.045 0.955
1.000 0.000 1.000
1.000 0.010 0.990
1.000 0.000 1.000
1.000 0.127 0.873
1.000 0.000 1.000
1.000 0.061 0.939
1.000 0.000 1.000
1.000 0.091 0.909
1.000 0.194 0.806
1.000 0.000 1.000
1.000 0.157 0.843
1.000 0.013 0.987
1.000 0.221 0.779
1.000 0.000 1.000
1.000 0.000 1.000
1.000 0.000 1.000
1.000 0.000 1.000
1.000 0.000 1.000
1.000 0.000 1.000
1.000 0.043 0.957
1.000 0.000 1.000
1.000 0.000 1.000
1.000 0.000 1.000
1.000 0.000 1.000
1.000 0.000 1.000
1.000 0.000 1.000
1.000 0.000 1.000
1.000 0.000 1.000
1.000 0.000 1.000
1.000 0.000 1.000
1.000 0.000 1.000
1.000 0.173 0.827
1.000 0.228 0.772
1.000 0.000 1.000
1.000 0.001 0.999
1.000 0.000 1.000
1.000 0.000 1.000
1.000 0.000 1.000
1.000 0.000 1.000
1.000 0.047 0.953
1.000 0.000 1.000
1.000 0.000 1.000
1.000 0.195 0.805
1.000 0.165 0.835
1.000 0.000 1.000
1.000 0.000 1.000
1.000 0.099 0.901
1.000 0.000 1.000
1.000 0.220 0.780
1.000 0.000 1.000
1.000 0.000 1.000
1.000 0.000 1.000
1.000 0.000 1.000
1.000 0.000 1.000
1.000 0.092 0.908
1.000 0.095 0.905
1.000 0.084 0.916
1.000 0.000 1.000
1.000 0.000 1.000
1.000 0.000 1.000
1.000 0.217 0.783
1.000 0.000 1.000
1.000 0.000 1.000
1.000 0.199 0.801
1.000 0.000 1.000
1.000 0.000 1.000
1.000 0.000 1.000
1.000 0.126 0.874
1.000 0.000 1.000
1.000 0.213 0.787
1.000 0.000 1.000
1.000 0.256 0.744
1.000 0.000 1.000
1.000 0.097 0.903
1.000 0.000 1.000
1.000 0.036 0.964
1.000 0.000 1.000
1.000 0.152 0.848
1.000 0.000 1.000
1.000 0.185 0.815
1.000 0.000 1.000
1.000 0.057 0.943
1.000 0.000 1.000
1.000 0.205 0.795
1.000 0.064 0.936
1.000 0.145 0.855
1.000 0.000 1.000
1.000 0.000 1.000
1.000 0.100 0.900
1.000 0.153 0.847
1.000 0.000 1.000
1.000 0.000 1.000
1.000 0.232 0.768
1.000 0.131 0.869
1.000 0.000 1.000
1.000 0.000 1.000
1.000 0.167 0.833
1.000 0.000 1.000
1.000 0.086 0.914
1.000 0.000 1.000
1.000 0.133 0.867
1.000 0.000 1.000
1.000 0.000 1.000
1.000 0.179 0.821
1.000 0.000 1.000
1.000 0.000 1.000
1.000 0.162 0.838
1.000 0.125 0.875
1.000 0.000 1.000
1.000 0.249 0.751
1.000 0.152 0.848
1.000 0.000 1.000
1.000 0.000 1.000
1.000 0.030 0.970
1.000 0.222 0.778
1.000 0.078 0.922
1.000 0.000 1.000
1.000 0.061 0.939
1.000 0.000 1.000
1.000 0.000 1.000
1.000 0.000 1.000
1.000 0.000 1.000
1.000 0.236 0.764
1.000 0.000 1.000
1.000 0.000 1.000
1.000 0.000 1.000
1.000 0.145 0.855
1.000 0.000 1.000
1.000 0.036 0.964
1.000 0.000 1.000
1.000 0.000 1.000
1.000 0.049 0.951
1.000 0.000 1.000
1.000 0.000 1.000
1.000 0.000 1.000
1.000 0.000 1.000
1.000 0.161 0.839
1.000 0.065 0.935
1.000 0.128 0.872
1.000 0.068 0.932
1.000 0.000 1.000
1.000 0.155 0.845
1.000 0.000 1.000
1.000 0.156 0.844
1.000 0.000 1.000
1.000 0.190 0.810
1.000 0.000 1.000
1.000 0.000 1.000
1.000 0.000 1.000
1.000 0.105 0.895
1.000 0.183 0.817
1.000 0.000 1.000
1.000 0.000 1.000
1.000 0.000 1.000
1.000 0.024 0.976
1.000 0.054 0.946
1.000 0.000 1.000
1.000 0.000 1.000
1.000 0.000 1.000
1.000 0.194 0.806
1.000 0.000 1.000
1.000 0.012 0.988
1.000 0.089 0.911
1.000 0.000 1.000
1.000 0.115 0.885
1.000 0.000 1.000
1.000 0.000 1.000
1.000 0.000 1.000
1.000 0.140 0.860
1.000 0.096 0.904
1.000 0.000 1.000
1.000 0.000 1.000
1.000 0.000 1.000
1.000 0.082 0.918
1.000 0.000 1.000
1.000 0.013 0.987
1.000 0.146 0.854
1.000 0.000 1.000
1.000 0.098 0.902
1.000 0.000 1.000
1.000 0.000 1.000
1.000 0.037 0.963
1.000 0.000 1.000
1.000 0.170 0.830
1.000 0.120 0.880
1.000 0.059 0.941
1.000 0.051 0.949
1.000 0.000 1.000
1.000 0.229 0.771
1.000 0.000 1.000
1.000 0.212 0.788
1.000 0.216 0.784
1.000 0.000 1.000
1.000 0.000 1.000
1.000 0.000 1.000
1.000 0.000 1.000
1.000 0.000 1.000
1.000 0.027 0.973
1.000 0.236 0.764
1.000 0.000 1.000
1.000 0.200 0.800
1.000 0.000 1.000
1.000 0.225 0.775
1.000 0.000 1.000
1.000 0.000 1.000
1.000 0.179 0.821
1.000 0.044 0.956
1.000 0.000 1.000
1.000 0.000 1.000
1.000 0.219 0.781
1.000 0.000 1.000
1.000 0.027 0.973
1.000 0.136 0.864
1.000 0.000 1.000
1.000 0.048 0.952
1.000 0.000 1.000
1.000 0.000 1.000
1.000 0.000 1.000
1.000 0.000 1.000
1.000 0.000 1.000
1.000 0.138 0.862
1.000 0.017 0.983
1.000 0.158 0.842
1.000 0.107 0.893
1.000 0.000 1.000
1.000 0.024 0.976
1.000 0.000 1.000
1.000 0.076 0.924
1.000 0.089 0.911
1.000 0.000 1.000
1.000 0.061 0.939
1.000 0.023 0.977
1.000 0.000 1.000
1.000 0.151 0.849
1.000 0.032 0.968
1.000 0.142 0.858
1.000 0.000 1.000
1.000 0.004 0.996
1.000 0.000 1.000
1.000 0.019 0.981
1.000 0.132 0.868
1.000 0.122 0.878
1.000 0.083 0.917
1.000 0.045 0.955
1.000 0.000 1.000
1.000 0.000 1.000
1.000 0.000 1.000
1.000 0.200 0.800
1.000 0.097 0.903
1.000 0.000 1.000
1.000 0.151 0.849
1.000 0.000 1.000
1.000 0.170 0.830
1.000 0.000 1.000
1.000 0.000 1.000
1.000 0.000 1.000
1.000 0.000 1.000
1.000 0.119 0.881
1.000 0.084 0.916
1.000 0.000 1.000
1.000 0.000 1.000
1.000 0.093 0.907
1.000 0.174 0.826
1.000 0.114 0.886
1.000 0.000 1.000
1.000 0.000 1.000
1.000 0.152 0.848
1.000 0.000 1.000
1.000 0.000 1.000
1.000 0.000 1.000
1.000 0.000 1.000
1.000 0.000 1.000
1.000 0.101 0.899
1.000 0.000 1.000
1.000 0.000 1.000
1.000 0.000 1.000
1.000 0.152 0.848
1.000 0.000 1.000
1.000 0.000 1.000
1.000 0.228 0.772
1.000 0.118 0.882
1.000 0.000 1.000
1.000 0.068 0.932
1.000 0.161 0.839
1.000 0.000 1.000
1.000 0.051 0.949
1.000 0.000 1.000
1.000 0.000 1.000
1.000 0.118 0.882
1.000 0.000 1.000
1.000 0.058 0.942
1.000 0.000 1.000
1.000 0.010 0.990
1.000 0.100 0.900
1.000 0.020 0.980
1.000 0.024 0.976
1.000 0.000 1.000
1.000 0.000 1.000
1.000 0.000 1.000
1.000 0.237 0.763
1.000 0.000 1.000
1.000 0.000 1.000
1.000 0.019 0.981
1.000 0.000 1.000
1.000 0.117 0.883
1.000 0.072 0.928
1.000 0.224 0.776
1.000 0.000 1.000
1.000 0.139 0.861
1.000 0.175 0.825
1.000 0.034 0.966
1.000 0.000 1.000
1.000 0.000 1.000
1.000 0.128 0.872
1.000 0.000 1.000
1.000 0.000 1.000
1.000 0.098 0.902
1.000 0.136 0.864
1.000 0.000 1.000
1.000 0.000 1.000
1.000 0.097 0.903
1.000 0.000 1.000
1.000 0.207 0.793
1.000 0.120 0.880
1.000 0.000 1.000
1.000 0.000 1.000
1.000 0.000 1.000
1.000 0.102 0.898
1.000 0.088 0.912
1.000 0.000 1.000
1.000 0.148 0.852
1.000 0.000 1.000
1.000 0.000 1.000
1.000 0.156 0.844
1.000 0.000 1.000
1.000 0.000 1.000
1.000 0.000 1.000
1.000 0.136 0.864
1.000 0.000 1.000
1.000 0.057 0.943
1.000 0.033 0.967
1.000 0.000 1.000
1.000 0.078 0.922
1.000 0.081 0.919
1.000 0.000 1.000
1.000 0.000 1.000
1.000 0.000 1.000
1.000 0.000 1.000
1.000 0.090 0.910
1.000 0.184 0.816
1.000 0.065 0.935
1.000 0.000 1.000
1.000 0.000 1.000
1.000 0.011 0.989
1.000 0.000 1.000
1.000 0.191 0.809
1.000 0.000 1.000
1.000 0.000 1.000
1.000 0.000 1.000
1.000 0.108 0.892
1.000 0.000 1.000
1.000 0.000 1.000
1.000 0.000 1.000
1.000 0.210 0.790
1.000 0.211 0.789
1.000 0.000 1.000
1.000 0.000 1.000
1.000 0.000 1.000
1.000 0.000 1.000
1.000 0.240 0.760
1.000 0.175 0.825
1.000 0.000 1.000
1.000 0.268 0.732
1.000 0.000 1.000
1.000 0.000 1.000
1.000 0.121 0.879
1.000 0.000 1.000
1.000 0.000 1.000
1.000 0.054 0.946
1.000 0.078 0.922
1.000 0.046 0.954
1.000 0.022 0.978
1.000 0.000 1.000
1.000 0.219 0.781
1.000 0.053 0.947
1.000 0.094 0.906
1.000 0.000 1.000
1.000 0.028 0.972
1.000 0.048 0.952
1.000 0.176 0.824
1.000 0.000 1.000
1.000 0.000 1.000
1.000 0.000 1.000
1.000 0.033 0.967
1.000 0.000 1.000
1.000 0.147 0.853
1.000 0.000 1.000
1.000 0.205 0.795
1.000 0.000 1.000
1.000 0.043 0.957
1.000 0.119 0.881
1.000 0.111 0.889
1.000 0.000 1.000
1.000 0.015 0.985
1.000 0.000 1.000
1.000 0.000 1.000
1.000 0.150 0.850
1.000 0.052 0.948
1.000 0.000 1.000
1.000 0.078 0.922
1.000 0.000 1.000
1.000 0.000 1.000
1.000 0.000 1.000
1.000 0.000 1.000
1.000 0.129 0.871
1.000 0.053 0.947
1.000 0.185 0.815
1.000 0.000 1.000
1.000 0.000 1.000
1.000 0.180 0.820
1.000 0.210 0.790
1.000 0.000 1.000
1.000 0.000 1.000
1.000 0.045 0.955
1.000 0.102 0.898
1.000 0.000 1.000
1.000 0.207 0.793
1.000 0.000 1.000
1.000 0.000 1.000
1.000 0.000 1.000
1.000 0.133 0.867
1.000 0.000 1.000
1.000 0.196 0.804
1.000 0.041 0.959
1.000 0.228 0.772
1.000 0.000 1.000
1.000 0.165 0.835
1.000 0.000 1.000
1.000 0.000 1.000
1.000 0.087 0.913
1.000 0.000 1.000
1.000 0.000 1.000
1.000 0.000 1.000
1.000 0.137 0.863
1.000 0.076 0.924
1.000 0.000 1.000
1.000 0.000 1.000
1.000 0.000 1.000
1.000 0.000 1.000
1.000 0.122 0.878
1.000 0.113 0.887
1.000 0.000 1.000
1.000 0.005 0.995
1.000 0.000 1.000
1.000 0.000 1.000
1.000 0.194 0.806
1.000 0.000 1.000
1.000 0.000 1.000
1.000 0.000 1.000
1.000 0.000 1.000
1.000 0.094 0.906
1.000 0.125 0.875
1.000 0.045 0.955
1.000 0.000 1.000
1.000 0.000 1.000
1.000 0.017 0.983
1.000 0.000 1.000
1.000 0.054 0.946
1.000 0.018 0.982
1.000 0.166 0.834
1.000 0.000 1.000
1.000 0.000 1.000
1.000 0.000 1.000
1.000 0.125 0.875
1.000 0.106 0.894
1.000 0.000 1.000
1.000 0.000 1.000
1.000 0.047 0.953
1.000 0.013 0.987
1.000 0.000 1.000
1.000 0.121 0.879
1.000 0.084 0.916
1.000 0.122 0.878
1.000 0.257 0.743
1.000 0.099 0.901
1.000 0.000 1.000
1.000 0.000 1.000
1.000 0.000 1.000
1.000 0.000 1.000
1.000 0.000 1.000
1.000 0.000 1.000
1.000 0.236 0.764
1.000 0.038 0.962
1.000 0.000 1.000
1.000 0.000 1.000
1.000 0.000 1.000
1.000 0.062 0.938
1.000 0.000 1.000
1.000 0.000 1.000
1.000 0.036 0.964
1.000 0.000 1.000
1.000 0.000 1.000
1.000 0.000 1.000
1.000 0.000 1.000
1.000 0.000 1.000
1.000 0.000 1.000
1.000 0.000 1.000
1.000 0.000 1.000
1.000 0.193 0.807
1.000 0.000 1.000
1.000 0.165 0.835
1.000 0.000 1.000
1.000 0.000 1.000
1.000 0.066 0.934
1.000 0.000 1.000
1.000 0.181 0.819
1.000 0.165 0.835
1.000 0.000 1.000
1.000 0.150 0.850
1.000 0.000 1.000
1.000 0.016 0.984
1.000 0.235 0.765
1.000 0.146 0.854
1.000 0.000 1.000
1.000 0.000 1.000
1.000 0.000 1.000
1.000 0.104 0.896
1.000 0.000 1.000
1.000 0.190 0.810
1.000 0.067 0.933
1.000 0.000 1.000
1.000 0.000 1.000
1.000 0.146 0.854
1.000 0.100 0.900
1.000 0.000 1.000
1.000 0.000 1.000
1.000 0.000 1.000
1.000 0.218 0.782
1.000 0.091 0.909
1.000 0.000 1.000
1.000 0.000 1.000
1.000 0.000 1.000
1.000 0.153 0.847
1.000 0.000 1.000
1.000 0.110 0.890
1.000 0.000 1.000
1.000 0.000 1.000
1.000 0.075 0.925
1.000 0.000 1.000
1.000 0.000 1.000
1.000 0.207 0.793
1.000 0.000 1.000
1.000 0.067 0.933
1.000 0.000 1.000
1.000 0.000 1.000
1.000 0.000 1.000
1.000 0.159 0.841
1.000 0.000 1.000
1.000 0.000 1.000
1.000 0.016 0.984
1.000 0.000 1.000
1.000 0.000 1.000
1.000 0.000 1.000
1.000 0.072 0.928
1.000 0.132 0.868
1.000 0.000 1.000
1.000 0.099 0.901
1.000 0.000 1.000
1.000 0.076 0.924
1.000 0.000 1.000
1.000 0.000 1.000
1.000 0.000 1.000
1.000 0.211 0.789
1.000 0.146 0.854
1.000 0.000 1.000
1.000 0.233 0.767
1.000 0.062 0.938
1.000 0.218 0.782
1.000 0.000 1.000
1.000 0.000 1.000
1.000 0.000 1.000
1.000 0.000 1.000
1.000 0.000 1.000
1.000 0.192 0.808
1.000 0.144 0.856
1.000 0.163 0.837
1.000 0.083 0.917
1.000 0.000 1.000
1.000 0.000 1.000
1.000 0.000 1.000
1.000 0.253 0.747
1.000 0.033 0.967
1.000 0.077 0.923
1.000 0.140 0.860
1.000 0.000 1.000
1.000 0.074 0.926
1.000 0.000 1.000
1.000 0.000 1.000
1.000 0.000 1.000
1.000 0.000 1.000
1.000 0.000 1.000
1.000 0.138 0.862
1.000 0.155 0.845
1.000 0.000 1.000
1.000 0.000 1.000
1.000 0.106 0.894
1.000 0.191 0.809
1.000 0.000 1.000
1.000 0.000 1.000
1.000 0.000 1.000
1.000 0.000 1.000
1.000 0.000 1.000
1.000 0.000 1.000
1.000 0.065 0.935
1.000 0.000 1.000
1.000 0.000 1.000
1.000 0.001 0.999
1.000 0.165 0.835
1.000 0.184 0.816
1.000 0.000 1.000
1.000 0.102 0.898
1.000 0.000 1.000
1.000 0.000 1.000
1.000 0.000 1.000
1.000 0.000 1.000
1.000 0.046 0.954
1.000 0.000 1.000
1.000 0.000 1.000
1.000 0.165 0.835
1.000 0.000 1.000
1.000 0.000 1.000
1.000 0.000 1.000
1.000 0.261 0.739
1.000 0.094 0.906
1.000 0.000 1.000
1.000 0.083 0.917
1.000 0.149 0.851
1.000 0.046 0.954
1.000 0.000 1.000
1.000 0.000 1.000
1.000 0.026 0.974
1.000 0.000 1.000
1.000 0.209 0.791
1.000 0.000 1.000
1.000 0.000 1.000
1.000 0.200 0.800
1.000 0.041 0.959
1.000 0.000 1.000
1.000 0.000 1.000
1.000 0.000 1.000
1.000 0.000 1.000
1.000 0.067 0.933
1.000 0.076 0.924
1.000 0.059 0.941
1.000 0.000 1.000
1.000 0.000 1.000
1.000 0.000 1.000
1.000 0.000 1.000
1.000 0.009 0.991
1.000 0.000 1.000
1.000 0.000 1.000
1.000 0.238 0.762
1.000 0.000 1.000
1.000 0.162 0.838
1.000 0.041 0.959
1.000 0.172 0.828
1.000 0.017 0.983
1.000 0.000 1.000
1.000 0.000 1.000
1.000 0.000 1.000
1.000 0.153 0.847
1.000 0.143 0.857
1.000 0.137 0.863
1.000 0.000 1.000
1.000 0.143 0.857
1.000 0.000 1.000
1.000 0.000 1.000
1.000 0.111 0.889
1.000 0.000 1.000
1.000 0.093 0.907
1.000 0.000 1.000
1.000 0.000 1.000
1.000 0.000 1.000
1.000 0.000 1.000
1.000 0.000 1.000
1.000 0.000 1.000
1.000 0.141 0.859
1.000 0.000 1.000
1.000 0.200 0.800
1.000 0.000 1.000
1.000 0.000 1.000
1.000 0.158 0.842
1.000 0.000 1.000
1.000 0.000 1.000
1.000 0.208 0.792
1.000 0.000 1.000
1.000 0.000 1.000
1.000 0.088 0.912
1.000 0.065 0.935
1.000 0.123 0.877
1.000 0.000 1.000
1.000 0.028 0.972
1.000 0.000 1.000
1.000 0.000 1.000
1.000 0.000 1.000
1.000 0.078 0.922
1.000 0.102 0.898
1.000 0.231 0.769
1.000 0.000 1.000
1.000 0.224 0.776
1.000 0.000 1.000
1.000 0.000 1.000
1.000 0.000 1.000
1.000 0.000 1.000
1.000 0.000 1.000
1.000 0.000 1.000
1.000 0.146 0.854
1.000 0.103 0.897
1.000 0.000 1.000
1.000 0.000 1.000
1.000 0.248 0.752
1.000 0.002 0.998
1.000 0.152 0.848
1.000 0.000 1.000
1.000 0.043 0.957
1.000 0.000 1.000
1.000 0.000 1.000
1.000 0.101 0.899
1.000 0.000 1.000
1.000 0.000 1.000
1.000 0.000 1.000
1.000 0.000 1.000
1.000 0.000 1.000
1.000 0.000 1.000
1.000 0.260 0.740
1.000 0.000 1.000
1.000 0.112 0.888
1.000 0.000 1.000
1.000 0.222 0.778
1.000 0.000 1.000
1.000 0.051 0.949
1.000 0.146 0.854
1.000 0.000 1.000
1.000 0.000 1.000
1.000 0.000 1.000
1.000 0.052 0.948
1.000 0.000 1.000
1.000 0.000 1.000
1.000 0.000 1.000
1.000 0.000 1.000
1.000 0.000 1.000
1.000 0.000 1.000
1.000 0.000 1.000
1.000 0.000 1.000
1.000 0.193 0.807
1.000 0.000 1.000
1.000 0.000 1.000
1.000 0.000 1.000
1.000 0.121 0.879
1.000 0.177 0.823
1.000 0.000 1.000
1.000 0.000 1.000
1.000 0.000 1.000
1.000 0.000 1.000
1.000 0.000 1.000
1.000 0.046 0.954
1.000 0.000 1.000
1.000 0.000 1.000
1.000 0.000 1.000
1.000 0.000 1.000
1.000 0.000 1.000
1.000 0.000 1.000
1.000 0.000 1.000
1.000 0.000 1.000
1.000 0.000 1.000
1.000 0.000 1.000
1.000 0.062 0.938
1.000 0.129 0.871
1.000 0.089 0.911
1.000 0.078 0.922
1.000 0.000 1.000
1.000 0.000 1.000
1.000 0.000 1.000
1.000 0.000 1.000
1.000 0.002 0.998
1.000 0.000 1.000
1.000 0.029 0.971
1.000 0.000 1.000
1.000 0.000 1.000
1.000 0.000 1.000
1.000 0.156 0.844
1.000 0.202 0.798
1.000 0.000 1.000
1.000 0.000 1.000
1.000 0.000 1.000
1.000 0.000 1.000
1.000 0.000 1.000
1.000 0.000 1.000
1.000 0.000 1.000
1.000 0.000 1.000
1.000 0.106 0.894
1.000 0.000 1.000
1.000 0.000 1.000
1.000 0.000 1.000
1.000 0.000 1.000
1.000 0.169 0.831
1.000 0.000 1.000
1.000 0.000 1.000
1.000 0.102 0.898
1.000 0.000 1.000
1.000 0.243 0.757
1.000 0.186 0.814
1.000 0.096 0.904
1.000 0.157 0.843
1.000 0.000 1.000
1.000 0.000 1.000
1.000 0.071 0.929
1.000 0.156 0.844
1.000 0.000 1.000
1.000 0.000 1.000
1.000 0.077 0.923
1.000 0.000 1.000
1.000 0.000 1.000
1.000 0.221 0.779
1.000 0.240 0.760
1.000 0.000 1.000
1.000 0.000 1.000
1.000 0.000 1.000
1.000 0.147 0.853
1.000 0.000 1.000
1.000 0.131 0.869
1.000 0.000 1.000
1.000 0.000 1.000
1.000 0.000 1.000
1.000 0.000 1.000
1.000 0.000 1.000
1.000 0.000 1.000
1.000 0.000 1.000
1.000 0.136 0.864
1.000 0.000 1.000
1.000 0.121 0.879
1.000 0.000 1.000
1.000 0.161 0.839
1.000 0.000 1.000
-1.000 0.009 0.991
-1.000 0.000 1.000
-1.000 0.000 1.000
-1.000 0.000 1.000
-1.000 0.000 1.000
-1.000 0.000 1.000
-1.000 0.228 0.772
-1.000 0.000 1.000
-1.000 0.000 1.000
-1.000 0.007 0.993
-1.000 0.119 0.881
-1.000 0.000 1.000
-1.000 0.000 1.000
-1.000 0.001 0.999
-1.000 0.000 1.000
-1.000 0.000 1.000
-1.000 0.000 1.000
-1.000 0.000 1.000
-1.000 0.081 0.919
-1.000 0.093 0.907
-1.000 0.114 0.886
-1.000 0.000 1.000
-1.000 0.000 1.000
-1.000 0.105 0.895
-1.000 0.000 1.000
-1.000 0.000 1.000
-1.000 0.000 1.000
-1.000 0.176 0.824
-1.000 0.134 0.866
-1.000 0.000 1.000
-1.000 0.171 0.829
-1.000 0.000 1.000
-1.000 0.000 1.000
-1.000 0.237 0.763
-1.000 0.000 1.000
-1.000 0.082 0.918
-1.000 0.000 1.000
-1.000 0.000 1.000
-1.000 0.000 1.000
-1.000 0.052 0.948
-1.000 0.005 0.995
-1.000 0.000 1.000
-1.000 0.081 0.919
-1.000 0.116 0.884
-1.000 0.144 0.856
-1.000 0.000 1.000
-1.000 0.000 1.000
-1.000 0.000 1.000
-1.000 0.019 0.981
-1.000 0.000 1.000
-1.000 0.000 1.000
-1.000 0.197 0.803
-1.000 0.000 1.000
-1.000 0.109 0.891
-1.000 0.099 0.901
-1.000 0.176 0.824
-1.000 0.000 1.000
-1.000 0.092 0.908
-1.000 0.244 0.756
-1.000 0.069 0.931
-1.000 0.224 0.776
-1.000 0.184 0.816
-1.000 0.000 1.000
-1.000 0.000 1.000
-1.000 0.000 1.000
-1.000 0.000 1.000
-1.000 0.000 1.000
-1.000 0.037 0.963
-1.000 0.000 1.000
-1.000 0.244 0.756
-1.000 0.136 0.864
-1.000 0.000 1.000
-1.000 0.000 1.000
-1.000 0.000 1.000
-1.000 0.213 0.787
-1.000 0.000 1.000
-1.000 0.000 1.000
-1.000 0.000 1.000
-1.000 0.000 1.000
-1.000 0.000 1.000
-1.000 0.000 1.000
-1.000 0.000 1.000
-1.000 0.077 0.923
-1.000 0.000 1.000
-1.000 0.000 1.000
-1.000 0.037 0.963
-1.000 0.000 1.000
-1.000 0.000 1.000
-1.000 0.168 0.832
-1.000 0.000 1.000
-1.000 0.114 0.886
-1.000 0.076 0.924
-1.000 0.129 0.871
-1.000 0.000 1.000
-1.000 0.000 1.000
-1.000 0.000 1.000
-1.000 0.000 1.000
-1.000 0.000 1.000
-1.000 0.011 0.989
-1.000 0.000 1.000
-1.000 0.000 1.000
-1.000 0.097 0.903
-1.000 0.003 0.997
-1.000 0.172 0.828
-1.000 0.000 1.000
-1.000 0.037 0.963
-1.000 0.000 1.000
-1.000 0.000 1.000
-1.000 0.000 1.000
-1.000 0.000 1.000
-1.000 0.000 1.000
-1.000 0.000 1.000
-1.000 0.000 1.000
-1.000 0.044 0.956
-1.000 0.095 0.905
-1.000 0.000 1.000
-1.000 0.167 0.833
-1.000 0.156 0.844
-1.000 0.131 0.869
-1.000 0.000 1.000
-1.000 0.000 1.000
-1.000 0.000 1.000
-1.000 0.000 1.000
-1.000 0.000 1.000
-1.000 0.000 1.000
-1.000 0.000 1.000
-1.000 0.000 1.000
-1.000 0.166 0.834
-1.000 0.044 0.956
-1.000 0.000 1.000
-1.000 0.000 1.000
-1.000 0.000 1.000
-1.000 0.000 1.000
-1.000 0.206 0.794
-1.000 0.008 0.992
-1.000 0.000 1.000
-1.000 0.000 1.000
-1.000 0.051 0.949
-1.000 0.000 1.000
-1.000 0.128 0.872
-1.000 0.000 1.000
-1.000 0.082 0.918
-1.000 0.017 0.983
-1.000 0.000 1.000
-1.000 0.091 0.909
-1.000 0.155 0.845
-1.000 0.259 0.741
-1.000 0.068 0.932
-1.000 0.000 1.000
-1.000 0.165 0.835
-1.000 0.000 1.000
-1.000 0.049 0.951
-1.000 0.000 1.000
-1.000 0.000 1.000
-1.000 0.000 1.000
-1.000 0.000 1.000
-1.000 0.119 0.881
-1.000 0.000 1.000
-1.000 0.000 1.000
-1.000 0.182 0.818
-1.000 0.000 1.000
-1.000 0.000 1.000
-1.000 0.000 1.000
-1.000 0.024 0.976
-1.000 0.000 1.000
-1.000 0.158 0.842
-1.000 0.000 1.000
-1.000 0.000 1.000
-1.000 0.176 0.824
-1.000 0.145 0.855
-1.000 0.000 1.000
-1.000 0.000 1.000
-1.000 0.000 1.000
-1.000 0.000 1.000
-1.000 0.000 1.000
-1.000 0.000 1.000
-1.000 0.000 1.000
-1.000 0.000 1.000
-1.000 0.131 0.869
-1.000 0.216 0.784
-1.000 0.000 1.000
-1.000 0.178 0.822
-1.000 0.021 0.979
-1.000 0.184 0.816
-1.000 0.000 1.000
-1.000 0.042 0.958
-1.000 0.000 1.000
-1.000 0.010 0.990
-1.000 0.005 0.995
-1.000 0.000 1.000
-1.000 0.000 1.000
-1.000 0.000 1.000
-1.000 0.166 0.834
-1.000 0.000 1.000
-1.000 0.000 1.000
-1.000 0.096 0.904
-1.000 0.000 1.000
-1.000 0.000 1.000
-1.000 0.000 1.000
-1.000 0.000 1.000
-1.000 0.000 1.000
-1.000 0.235 0.765
-1.000 0.197 0.803
-1.000 0.000 1.000
-1.000 0.126 0.874
-1.000 0.000 1.000
-1.000 0.066 0.934
-1.000 0.057 0.943
-1.000 0.000 1.000
-1.000 0.099 0.901
-1.000 0.085 0.915
-1.000 0.000 1.000
-1.000 0.000 1.000
-1.000 0.000 1.000
-1.000 0.000 1.000
-1.000 0.000 1.000
-1.000 0.285 0.715
-1.000 0.000 1.000
-1.000 0.000 1.000
-1.000 0.000 1.000
-1.000 0.142 0.858
-1.000 0.000 1.000
-1.000 0.000 1.000
-1.000 0.191 0.809
-1.000 0.131 0.869
-1.000 0.000 1.000
-1.000 0.234 0.766
-1.000 0.000 1.000
-1.000 0.000 1.000
-1.000 0.000 1.000
-1.000 0.000 1.000
-1.000 0.000 1.000
-1.000 0.270 0.730
-1.000 0.000 1.000
-1.000 0.000 1.000
-1.000 0.093 0.907
-1.000 0.000 1.000
-1.000 0.077 0.923
-1.000 0.000 1.000
-1.000 0.000 1.000
-1.000 0.000 1.000
-1.000 0.068 0.932
-1.000 0.000 1.000
-1.000 0.000 1.000
-1.000 0.046 0.954
-1.000 0.000 1.000
-1.000 0.000 1.000
-1.000 0.000 1.000
-1.000 0.000 1.000
-1.000 0.000 1.000
-1.000 0.145 0.855
-1.000 0.051 0.949
-1.000 0.000 1.000
-1.000 0.000 1.000
-1.000 0.110 0.890
-1.000 0.162 0.838
-1.000 0.000 1.000
-1.000 0.000 1.000
-1.000 0.000 1.000
-1.000 0.000 1.000
-1.000 0.000 1.000
-1.000 0.000 1.000
-1.000 0.215 0.785
-1.000 0.109 0.891
-1.000 0.000 1.000
-1.000 0.000 1.000
-1.000 0.091 0.909
-1.000 0.000 1.000
-1.000 0.000 1.000
-1.000 0.087 0.913
-1.000 0.000 1.000
-1.000 0.113 0.887
-1.000 0.236 0.764
-1.000 0.000 1.000
-1.000 0.110 0.890
-1.000 0.042 0.958
-1.000 0.000 1.000
-1.000 0.127 0.873
-1.000 0.224 0.776
-1.000 0.000 1.000
-1.000 0.173 0.827
-1.000 0.000 1.000
-1.000 0.000 1.000
-1.000 0.000 1.000
-1.000 0.000 1.000
-1.000 0.000 1.000
-1.000 0.043 0.957
-1.000 0.133 0.867
-1.000 0.000 1.000
-1.000 0.179 0.821
-1.000 0.171 0.829
-1.000 0.000 1.000
-1.000 0.000 1.000
-1.000 0.015 0.985
-1.000 0.000 1.000
-1.000 0.138 0.862
-1.000 0.000 1.000
-1.000 0.000 1.000
-1.000 0.000 1.000
-1.000 0.000 1.000
-1.000 0.225 0.775
-1.000 0.000 1.000
-1.000 0.000 1.000
-1.000 0.000 1.000
-1.000 0.000 1.000
-1.000 0.000 1.000
-1.000 0.080 0.920
-1.000 0.113 0.887
-1.000 0.105 0.895
-1.000 0.157 0.843
-1.000 0.145 0.855
-1.000 0.077 0.923
-1.000 0.252 0.748
-1.000 0.110 0.890
-1.000 0.090 0.910
-1.000 0.000 1.000
-1.000 0.091 0.909
-1.000 0.156 0.844
-1.000 0.037 0.963
-1.000 0.000 1.000
-1.000 0.000 1.000
-1.000 0.146 0.854
-1.000 0.000 1.000
-1.000 0.165 0.835
-1.000 0.000 1.000
-1.000 0.000 1.000
-1.000 0.000 1.000
-1.000 0.129 0.871
-1.000 0.000 1.000
-1.000 0.000 1.000
-1.000 0.000 1.000
-1.000 0.000 1.000
-1.000 0.018 0.982
-1.000 0.006 0.994
-1.000 0.067 0.933
-1.000 0.036 0.964
-1.000 0.185 0.815
-1.000 0.000 1.000
-1.000 0.000 1.000
-1.000 0.000 1.000
-1.000 0.000 1.000
-1.000 0.028 0.972
-1.000 0.107 0.893
-1.000 0.000 1.000
-1.000 0.000 1.000
-1.000 0.088 0.912
-1.000 0.000 1.000
-1.000 0.028 0.972
-1.000 0.151 0.849
-1.000 0.000 1.000
-1.000 0.000 1.000
-1.000 0.181 0.819
-1.000 0.077 0.923
-1.000 0.000 1.000
-1.000 0.000 1.000
-1.000 0.000 1.000
-1.000 0.090 0.910
-1.000 0.000 1.000
-1.000 0.000 1.000
-1.000 0.000 1.000
-1.000 0.148 0.852
-1.000 0.000 1.000
-1.000 0.065 0.935
-1.000 0.000 1.000
-1.000 0.000 1.000
-1.000 0.032 0.968
-1.000 0.000 1.000
-1.000 0.000 1.000
-1.000 0.004 0.996
-1.000 0.079 0.921
-1.000 0.000 1.000
-1.000 0.000 1.000
-1.000 0.089 0.911
-1.000 0.000 1.000
-1.000 0.000 1.000
-1.000 0.000 1.000
-1.000 0.000 1.000
-1.000 0.039 0.961
-1.000 0.177 0.823
-1.000 0.000 1.000
-1.000 0.000 1.000
-1.000 0.000 1.000
-1.000 0.000 1.000
-1.000 0.175 0.825
-1.000 0.104 0.896
-1.000 0.085 0.915
-1.000 0.208 0.792
-1.000 0.000 1.000
-1.000 0.000 1.000
-1.000 0.102 0.898
-1.000 0.000 1.000
-1.000 0.000 1.000
-1.000 0.004 0.996
-1.000 0.000 1.000
-1.000 0.000 1.000
-1.000 0.062 0.938
-1.000 0.000 1.000
-1.000 0.022 0.978
-1.000 0.000 1.000
-1.000 0.135 0.865
-1.000 0.082 0.918
-1.000 0.138 0.862
-1.000 0.027 0.973
-1.000 0.000 1.000
-1.000 0.000 1.000
-1.000 0.269 0.731
-1.000 0.161 0.839
-1.000 0.000 1.000
-1.000 0.026 0.974
-1.000 0.113 0.887
-1.000 0.000 1.000
-1.000 0.000 1.000
-1.000 0.000 1.000
-1.000 0.104 0.896
-1.000 0.152 0.848
-1.000 0.000 1.000
-1.000 0.060 0.940
-1.000 0.160 0.840
-1.000 0.000 1.000
-1.000 0.158 0.842
-1.000 0.000 1.000
-1.000 0.000 1.000
-1.000 0.107 0.893
-1.000 0.034 0.966
-1.000 0.124 0.876
-1.000 0.000 1.000
-1.000 0.000 1.000
-1.000 0.000 1.000
-1.000 0.000 1.000
-1.000 0.000 1.000
-1.000 0.000 1.000
-1.000 0.000 1.000
-1.000 0.000 1.000
-1.000 0.077 0.923
-1.000 0.000 1.000
-1.000 0.000 1.000
-1.000 0.132 0.868
-1.000 0.090 0.910
-1.000 0.000 1.000
-1.000 0.000 1.000
-1.000 0.200 0.800
-1.000 0.000 1.000
-1.000 0.000 1.000
-1.000 0.000 1.000
-1.000 0.006 0.994
-1.000 0.000 1.000
-1.000 0.000 1.000
-1.000 0.000 1.000
-1.000 0.000 1.000
-1.000 0.000 1.000
-1.000 0.000 1.000
-1.000 0.131 0.869
-1.000 0.158 0.842
-1.000 0.000 1.000
-1.000 0.175 0.825
-1.000 0.233 0.767
-1.000 0.000 1.000
-1.000 0.000 1.000
-1.000 0.000 1.000
-1.000 0.000 1.000
-1.000 0.000 1.000
-1.000 0.158 0.842
-1.000 0.000 1.000
-1.000 0.000 1.000
-1.000 0.055 0.945
-1.000 0.218 0.782
-1.000 0.000 1.000
-1.000 0.176 0.824
-1.000 0.092 0.908
-1.000 0.083 0.917
-1.000 0.000 1.000
-1.000 0.000 1.000
-1.000 0.168 0.832
-1.000 0.002 0.998
-1.000 0.054 0.946
-1.000 0.000 1.000
-1.000 0.000 1.000
-1.000 0.134 0.866
-1.000 0.000 1.000
-1.000 0.112 0.888
-1.000 0.231 0.769
-1.000 0.000 1.000
-1.000 0.000 1.000
-1.000 0.000 1.000
-1.000 0.108 0.892
-1.000 0.037 0.963
-1.000 0.160 0.840
-1.000 0.062 0.938
-1.000 0.000 1.000
-1.000 0.000 1.000
-1.000 0.107 0.893
-1.000 0.155 0.845
-1.000 0.164 0.836
-1.000 0.000 1.000
-1.000 0.000 1.000
-1.000 0.265 0.735
-1.000 0.000 1.000
-1.000 0.000 1.000
-1.000 0.000 1.000
-1.000 0.000 1.000
-1.000 0.010 0.990
-1.000 0.000 1.000
-1.000 0.010 0.990
-1.000 0.026 0.974
-1.000 0.000 1.000
-1.000 0.000 1.000
-1.000 0.128 0.872
-1.000 0.168 0.832
-1.000 0.225 0.775
-1.000 0.103 0.897
-1.000 0.000 1.000
-1.000 0.000 1.000
-1.000 0.170 0.830
-1.000 0.000 1.000
-1.000 0.150 0.850
-1.000 0.115 0.885
-1.000 0.000 1.000
-1.000 0.000 1.000
-1.000 0.000 1.000
-1.000 0.040 0.960
-1.000 0.000 1.000
-1.000 0.000 1.000
-1.000 0.000 1.000
-1.000 0.120 0.880
-1.000 0.000 1.000
-1.000 0.000 1.000
-1.000 0.073 0.927
-1.000 0.000 1.000
-1.000 0.068 0.932
-1.000 0.098 0.902
-1.000 0.000 1.000
-1.000 0.000 1.000
-1.000 0.000 1.000
-1.000 0.000 1.000
-1.000 0.000 1.000
-1.000 0.000 1.000
-1.000 0.000 1.000
-1.000 0.000 1.000
-1.000 0.000 1.000
-1.000 0.070 0.930
-1.000 0.118 0.882
-1.000 0.190 0.810
-1.000 0.000 1.000
-1.000 0.088 0.912
-1.000 0.000 1.000
-1.000 0.000 1.000
-1.000 0.000 1.000
-1.000 0.098 0.902
-1.000 0.201 0.799
-1.000 0.020 0.980
-1.000 0.000 1.000
-1.000 0.203 0.797
-1.000 0.000 1.000
-1.000 0.000 1.000
-1.000 0.000 1.000
-1.000 0.000 1.000
-1.000 0.000 1.000
-1.000 0.000 1.000
-1.000 0.000 1.000
-1.000 0.234 0.766
-1.000 0.000 1.000
-1.000 0.275 0.725
-1.000 0.211 0.789
-1.000 0.094 0.906
-1.000 0.151 0.849
-1.000 0.000 1.000
-1.000 0.072 0.928
-1.000 0.129 0.871
-1.000 0.000 1.000
-1.000 0.014 0.986
-1.000 0.000 1.000
-1.000 0.063 0.937
-1.000 0.000 1.000
-1.000 0.000 1.000
-1.000 0.000 1.000
-1.000 0.000 1.000
-1.000 0.000 1.000
-1.000 0.000 1.000
-1.000 0.203 0.797
-1.000 0.000 1.000
-1.000 0.000 1.000
-1.000 0.000 1.000
-1.000 0.000 1.000
-1.000 0.123 0.877
-1.000 0.000 1.000
-1.000 0.000 1.000
-1.000 0.103 0.897
-1.000 0.000 1.000
-1.000 0.000 1.000
-1.000 0.181 0.819
-1.000 0.198 0.802
-1.000 0.000 1.000
-1.000 0.090 0.910
-1.000 0.000 1.000
-1.000 0.000 1.000
-1.000 0.000 1.000
-1.000 0.020 0.980
-1.000 0.000 1.000
-1.000 0.101 0.899
-1.000 0.000 1.000
-1.000 0.000 1.000
-1.000 0.117 0.883
-1.000 0.012 0.988
-1.000 0.000 1.000
-1.000 0.088 0.912
-1.000 0.000 1.000
-1.000 0.000 1.000
-1.000 0.000 1.000
-1.000 0.061 0.939
-1.000 0.070 0.930
-1.000 0.000 1.000
-1.000 0.150 0.850
-1.000 0.000 1.000
-1.000 0.000 1.000
-1.000 0.000 1.000
-1.000 0.189 0.811
-1.000 0.091 0.909
-1.000 0.206 0.794
-1.000 0.000 1.000
-1.000 0.135 0.865
-1.000 0.000 1.000
-1.000 0.080 0.920
-1.000 0.000 1.000
-1.000 0.166 0.834
-1.000 0.000 1.000
-1.000 0.051 0.949
-1.000 0.000 1.000
-1.000 0.092 0.908
-1.000 0.061 0.939
-1.000 0.000 1.000
-1.000 0.000 1.000
-1.000 0.076 0.924
-1.000 0.000 1.000
-1.000 0.000 1.000
-1.000 0.000 1.000
-1.000 0.063 0.937
-1.000 0.000 1.000
-1.000 0.000 1.000
-1.000 0.000 1.000
-1.000 0.233 0.767
-1.000 0.000 1.000
-1.000 0.025 0.975
-1.000 0.106 0.894
-1.000 0.000 1.000
-1.000 0.153 0.847
-1.000 0.006 0.994
-1.000 0.000 1.000
-1.000 0.071 0.929
-1.000 0.050 0.950
-1.000 0.000 1.000
-1.000 0.000 1.000
-1.000 0.000 1.000
-1.000 0.000 1.000
-1.000 0.133 0.867
-1.000 0.000 1.000
-1.000 0.000 1.000
-1.000 0.251 0.749
-1.000 0.046 0.954
-1.000 0.000 1.000
-1.000 0.170 0.830
-1.000 0.000 1.000
-1.000 0.000 1.000
-1.000 0.000 1.000
-1.000 0.000 1.000
-1.000 0.000 1.000
-1.000 0.000 1.000
-1.000 0.000 1.000
-1.000 0.000 1.000
-1.000 0.142 0.858
-1.000 0.000 1.000
-1.000 0.000 1.000
-1.000 0.102 0.898
-1.000 0.069 0.931
-1.000 0.000 1.000
-1.000 0.000 1.000
-1.000 0.000 1.000
-1.000 0.191 0.809
-1.000 0.000 1.000
-1.000 0.094 0.906
