# True_Label,-1,+1
1.000 0.323 0.677
1.000 0.433 0.567
1.000 0.409 0.591
1.000 0.422 0.578
1.000 0.259 0.741
1.000 0.279 0.721
1.000 0.240 0.760
1.000 0.268 0.732
1.000 0.428 0.572
1.000 0.455 0.545
1.000 0.478 0.522
1.000 0.473 0.527
1.000 0.423 0.577
1.000 0.407 0.593
1.000 0.369 0.631
1.000 0.386 0.614
1.000 0.222 0.778
1.000 0.445 0.555
1.000 0.297 0.703
1.000 0.547 0.453
1.000 0.325 0.675
1.000 0.354 0.646
1.000 0.507 0.493
1.000 0.374 0.626
1.000 0.447 0.553
1.000 0.295 0.705
1.000 0.361 0.639
1.000 0.392 0.608
1.000 0.363 0.637
1.000 0.373 0.627
1.000 0.508 0.492
1.000 0.283 0.717
1.000 0.440 0.560
1.000 0.522 0.478
1.000 0.405 0.595
1.000 0.338 0.662
1.000 0.484 0.516
1.000 0.569 0.431
1.000 0.513 0.487
1.000 0.349 0.651
1.000 0.566 0.434
1.000 0.557 0.443
1.000 0.392 0.608
1.000 0.306 0.694
1.000 0.295 0.705
1.000 0.410 0.590
1.000 0.340 0.660
1.000 0.584 0.416
1.000 0.558 0.442
1.000 0.506 0.494
1.000 0.528 0.471
1.000 0.330 0.670
1.000 0.356 0.644
1.000 0.463 0.537
1.000 0.491 0.509
1.000 0.302 0.698
1.000 0.484 0.516
1.000 0.449 0.551
1.000 0.357 0.643
1.000 0.585 0.415
1.000 0.533 0.467
1.000 0.504 0.496
1.000 0.340 0.660
1.000 0.335 0.665
1.000 0.350 0.650
1.000 0.359 0.641
1.000 0.456 0.544
1.000 0.353 0.647
1.000 0.399 0.601
1.000 0.503 0.497
1.000 0.432 0.568
1.000 0.535 0.465
1.000 0.497 0.503
1.000 0.494 0.506
1.000 0.319 0.681
1.000 0.451 0.549
1.000 0.612 0.388
1.000 0.483 0.517
1.000 0.363 0.637
1.000 0.303 0.697
1.000 0.212 0.788
1.000 0.518 0.482
1.000 0.532 0.468
1.000 0.573 0.427
1.000 0.495 0.505
1.000 0.412 0.588
1.000 0.390 0.610
1.000 0.476 0.524
1.000 0.549 0.451
1.000 0.499 0.501
1.000 0.457 0.543
1.000 0.291 0.709
1.000 0.524 0.476
1.000 0.468 0.532
1.000 0.451 0.549
1.000 0.529 0.471
1.000 0.419 0.581
1.000 0.433 0.567
1.000 0.540 0.460
1.000 0.351 0.649
1.000 0.508 0.491
1.000 0.407 0.593
1.000 0.243 0.757
1.000 0.308 0.692
1.000 0.499 0.501
1.000 0.405 0.595
1.000 0.452 0.548
1.000 0.436 0.564
1.000 0.366 0.634
1.000 0.419 0.581
1.000 0.331 0.669
1.000 0.487 0.513
1.000 0.305 0.695
1.000 0.450 0.550
1.000 0.519 0.481
1.000 0.490 0.510
1.000 0.529 0.471
1.000 0.397 0.603
1.000 0.450 0.550
1.000 0.470 0.530
1.000 0.342 0.658
1.000 0.527 0.473
1.000 0.421 0.579
1.000 0.512 0.488
1.000 0.297 0.703
1.000 0.375 0.625
1.000 0.273 0.727
1.000 0.446 0.554
1.000 0.502 0.498
1.000 0.264 0.736
1.000 0.344 0.656
1.000 0.476 0.524
1.000 0.393 0.607
1.000 0.516 0.484
1.000 0.426 0.574
1.000 0.620 0.380
1.000 0.442 0.558
1.000 0.078 0.922
1.000 0.412 0.588
1.000 0.336 0.664
1.000 0.569 0.431
1.000 0.329 0.671
1.000 0.508 0.492
1.000 0.349 0.651
1.000 0.472 0.528
1.000 0.302 0.698
1.000 0.523 0.477
1.000 0.520 0.480
1.000 0.574 0.426
1.000 0.403 0.597
1.000 0.389 0.611
1.000 0.370 0.630
1.000 0.338 0.662
1.000 0.340 0.660
1.000 0.425 0.575
1.000 0.351 0.649
1.000 0.567 0.433
1.000 0.295 0.705
1.000 0.238 0.762
1.000 0.277 0.723
1.000 0.356 0.644
1.000 0.284 0.716
1.000 0.367 0.633
1.000 0.282 0.718
1.000 0.373 0.627
1.000 0.428 0.572
1.000 0.572 0.428
1.000 0.313 0.687
1.000 0.492 0.508
1.000 0.337 0.663
1.000 0.468 0.532
1.000 0.261 0.739
1.000 0.474 0.526
1.000 0.229 0.771
1.000 0.411 0.589
1.000 0.437 0.563
1.000 0.431 0.569
1.000 0.438 0.562
1.000 0.205 0.795
1.000 0.365 0.635
1.000 0.608 0.392
1.000 0.417 0.583
1.000 0.279 0.721
1.000 0.519 0.481
1.000 0.367 0.633
1.000 0.235 0.765
1.000 0.348 0.652
1.000 0.380 0.620
1.000 0.311 0.689
1.000 0.327 0.673
1.000 0.485 0.515
1.000 0.246 0.754
1.000 0.330 0.670
1.000 0.205 0.795
1.000 0.342 0.658
1.000 0.297 0.703
1.000 0.390 0.610
1.000 0.212 0.788
1.000 0.285 0.715
1.000 0.341 0.659
1.000 0.463 0.537
1.000 0.565 0.435
1.000 0.331 0.669
1.000 0.426 0.574
1.000 0.275 0.725
1.000 0.154 0.846
1.000 0.456 0.544
1.000 0.394 0.606
1.000 0.296 0.704
1.000 0.339 0.661
1.000 0.355 0.645
1.000 0.404 0.596
1.000 0.520 0.480
1.000 0.404 0.596
1.000 0.456 0.544
1.000 0.439 0.561
1.000 0.502 0.498
1.000 0.305 0.695
1.000 0.471 0.529
1.000 0.218 0.782
1.000 0.390 0.610
1.000 0.217 0.783
1.000 0.509 0.491
1.000 0.420 0.580
1.000 0.455 0.545
1.000 0.529 0.471
1.000 0.459 0.541
1.000 0.543 0.457
1.000 0.438 0.562
1.000 0.373 0.627
1.000 0.289 0.711
1.000 0.522 0.478
1.000 0.454 0.546
1.000 0.375 0.625
1.000 0.486 0.514
1.000 0.331 0.669
1.000 0.351 0.649
1.000 0.433 0.567
1.000 0.418 0.582
1.000 0.470 0.530
1.000 0.392 0.608
1.000 0.597 0.403
1.000 0.457 0.543
1.000 0.398 0.602
1.000 0.457 0.543
1.000 0.366 0.634
1.000 0.447 0.553
1.000 0.267 0.733
1.000 0.228 0.772
1.000 0.112 0.888
1.000 0.425 0.575
1.000 0.253 0.747
1.000 0.298 0.702
1.000 0.387 0.613
1.000 0.294 0.706
1.000 0.371 0.629
1.000 0.126 0.874
1.000 0.365 0.635
1.000 0.409 0.591
1.000 0.481 0.519
1.000 0.106 0.894
1.000 0.422 0.578
1.000 0.243 0.757
1.000 0.284 0.716
1.000 0.373 0.627
1.000 0.380 0.620
1.000 0.191 0.809
1.000 0.435 0.565
1.000 0.462 0.538
1.000 0.355 0.645
1.000 0.485 0.515
1.000 0.241 0.759
1.000 0.353 0.647
1.000 0.363 0.637
1.000 0.377 0.623
1.000 0.363 0.637
1.000 0.607 0.393
1.000 0.615 0.385
1.000 0.526 0.474
1.000 0.365 0.635
1.000 0.398 0.602
1.000 0.369 0.631
1.000 0.559 0.441
1.000 0.519 0.481
1.000 0.254 0.746
1.000 0.368 0.632
1.000 0.377 0.623
1.000 0.465 0.535
1.000 0.459 0.541
1.000 0.434 0.566
1.000 0.265 0.735
1.000 0.284 0.716
1.000 0.292 0.708
1.000 0.598 0.402
1.000 0.393 0.607
1.000 0.426 0.574
1.000 0.538 0.462
1.000 0.198 0.802
1.000 0.581 0.419
1.000 0.345 0.655
1.000 0.419 0.581
1.000 0.481 0.519
1.000 0.369 0.631
1.000 0.494 0.506
1.000 0.435 0.565
1.000 0.204 0.796
1.000 0.337 0.663
1.000 0.372 0.628
1.000 0.111 0.889
1.000 0.444 0.556
1.000 0.413 0.587
1.000 0.293 0.707
1.000 0.335 0.665
1.000 0.250 0.750
1.000 0.434 0.566
1.000 0.392 0.608
1.000 0.257 0.743
1.000 0.284 0.716
1.000 0.327 0.673
1.000 0.303 0.697
1.000 0.329 0.671
1.000 0.449 0.551
1.000 0.518 0.482
1.000 0.492 0.508
1.000 0.477 0.523
1.000 0.216 0.784
1.000 0.307 0.693
1.000 0.468 0.532
1.000 0.228 0.772
1.000 0.421 0.579
1.000 0.408 0.592
1.000 0.364 0.636
1.000 0.342 0.658
1.000 0.347 0.653
1.000 0.465 0.535
1.000 0.382 0.618
1.000 0.272 0.728
1.000 0.320 0.680
1.000 0.375 0.625
1.000 0.436 0.564
1.000 0.334 0.666
1.000 0.503 0.497
1.000 0.478 0.522
1.000 0.218 0.782
1.000 0.446 0.554
1.000 0.501 0.499
1.000 0.294 0.706
1.000 0.531 0.469
1.000 0.463 0.537
1.000 0.577 0.423
1.000 0.206 0.794
1.000 0.299 0.701
1.000 0.521 0.479
1.000 0.278 0.722
1.000 0.339 0.661
1.000 0.421 0.579
1.000 0.350 0.650
1.000 0.314 0.686
1.000 0.453 0.547
1.000 0.267 0.733
1.000 0.366 0.634
1.000 0.458 0.542
1.000 0.407 0.593
1.000 0.348 0.652
1.000 0.361 0.639
1.000 0.388 0.612
1.000 0.372 0.628
1.000 0.508 0.492
1.000 0.394 0.606
1.000 0.527 0.473
1.000 0.365 0.635
1.000 0.343 0.657
1.000 0.421 0.579
1.000 0.256 0.744
1.000 0.262 0.738
1.000 0.315 0.685
1.000 0.181 0.819
1.000 0.284 0.716
1.000 0.405 0.595
1.000 0.604 0.396
1.000 0.629 0.371
1.000 0.391 0.609
1.000 0.351 0.649
1.000 0.485 0.515
1.000 0.597 0.403
1.000 0.275 0.725
1.000 0.429 0.571
1.000 0.468 0.532
1.000 0.531 0.469
1.000 0.459 0.541
1.000 0.461 0.539
1.000 0.538 0.462
1.000 0.541 0.459
1.000 0.442 0.558
1.000 0.387 0.613
1.000 0.546 0.454
1.000 0.514 0.486
1.000 0.331 0.669
1.000 0.377 0.623
1.000 0.322 0.678
1.000 0.251 0.749
1.000 0.274 0.726
1.000 0.360 0.640
1.000 0.244 0.756
1.000 0.193 0.807
1.000 0.480 0.520
1.000 0.441 0.559
1.000 0.176 0.824
1.000 0.272 0.728
1.000 0.436 0.564
1.000 0.425 0.575
1.000 0.199 0.801
1.000 0.372 0.628
1.000 0.275 0.725
1.000 0.519 0.481
1.000 0.467 0.533
1.000 0.369 0.631
1.000 0.523 0.477
1.000 0.335 0.665
1.000 0.546 0.454
1.000 0.446 0.554
1.000 0.421 0.579
1.000 0.357 0.643
1.000 0.193 0.807
1.000 0.362 0.638
1.000 0.244 0.756
1.000 0.263 0.737
1.000 0.435 0.565
1.000 0.240 0.760
1.000 0.339 0.661
1.000 0.289 0.711
1.000 0.359 0.641
1.000 0.336 0.664
1.000 0.267 0.733
1.000 0.588 0.412
1.000 0.452 0.548
1.000 0.477 0.523
1.000 0.356 0.644
1.000 0.395 0.605
1.000 0.457 0.543
1.000 0.466 0.534
1.000 0.249 0.751
1.000 0.364 0.636
1.000 0.424 0.576
1.000 0.316 0.684
1.000 0.418 0.582
1.000 0.247 0.753
1.000 0.329 0.671
1.000 0.334 0.666
1.000 0.444 0.556
1.000 0.385 0.615
1.000 0.312 0.688
1.000 0.501 0.499
1.000 0.347 0.653
1.000 0.308 0.692
1.000 0.431 0.569
1.000 0.330 0.670
1.000 0.486 0.514
1.000 0.309 0.691
1.000 0.396 0.604
1.000 0.522 0.478
1.000 0.555 0.445
1.000 0.392 0.608
1.000 0.357 0.643
1.000 0.503 0.497
1.000 0.489 0.511
1.000 0.381 0.619
1.000 0.352 0.648
1.000 0.391 0.609
1.000 0.591 0.409
1.000 0.357 0.643
1.000 0.297 0.703
1.000 0.415 0.585
1.000 0.427 0.573
1.000 0.354 0.646
1.000 0.378 0.622
1.000 0.461 0.539
1.000 0.510 0.490
1.000 0.466 0.534
1.000 0.589 0.411
1.000 0.302 0.698
1.000 0.344 0.656
1.000 0.381 0.619
1.000 0.395 0.605
1.000 0.432 0.568
1.000 0.374 0.626
1.000 0.387 0.613
1.000 0.214 0.786
1.000 0.396 0.604
1.000 0.137 0.863
1.000 0.345 0.655
1.000 0.478 0.522
1.000 0.570 0.430
1.000 0.543 0.457
1.000 0.383 0.617
1.000 0.260 0.740
1.000 0.338 0.662
1.000 0.474 0.526
1.000 0.376 0.624
1.000 0.323 0.677
1.000 0.566 0.434
1.000 0.365 0.635
1.000 0.374 0.626
1.000 0.395 0.605
1.000 0.514 0.486
1.000 0.291 0.709
1.000 0.405 0.595
1.000 0.432 0.568
1.000 0.464 0.536
1.000 0.421 0.579
1.000 0.345 0.655
1.000 0.301 0.699
1.000 0.503 0.497
1.000 0.329 0.671
1.000 0.183 0.817
1.000 0.510 0.490
1.000 0.350 0.650
1.000 0.333 0.667
1.000 0.463 0.537
1.000 0.325 0.675
1.000 0.270 0.730
1.000 0.333 0.667
1.000 0.593 0.407
1.000 0.429 0.571
1.000 0.355 0.645
1.000 0.297 0.703
1.000 0.465 0.535
1.000 0.474 0.526
1.000 0.479 0.521
1.000 0.394 0.606
1.000 0.501 0.499
1.000 0.445 0.555
1.000 0.305 0.695
1.000 0.524 0.476
1.000 0.238 0.762
1.000 0.237 0.763
1.000 0.446 0.554
1.000 0.303 0.697
1.000 0.503 0.497
1.000 0.385 0.615
1.000 0.525 0.475
1.000 0.191 0.809
1.000 0.495 0.505
1.000 0.380 0.620
1.000 0.529 0.471
1.000 0.445 0.555
1.000 0.560 0.440
1.000 0.310 0.690
1.000 0.428 0.572
1.000 0.405 0.595
1.000 0.336 0.664
1.000 0.433 0.567
1.000 0.567 0.433
1.000 0.453 0.547
1.000 0.346 0.654
1.000 0.528 0.472
1.000 0.555 0.445
1.000 0.276 0.724
1.000 0.519 0.481
1.000 0.376 0.624
1.000 0.614 0.386
1.000 0.386 0.614
1.000 0.446 0.554
1.000 0.297 0.703
1.000 0.502 0.498
1.000 0.318 0.682
1.000 0.609 0.391
1.000 0.396 0.604
1.000 0.236 0.764
1.000 0.593 0.407
1.000 0.273 0.727
1.000 0.387 0.613
1.000 0.525 0.475
1.000 0.380 0.620
1.000 0.369 0.631
1.000 0.488 0.512
1.000 0.381 0.619
1.000 0.335 0.665
1.000 0.450 0.550
1.000 0.403 0.597
1.000 0.177 0.823
1.000 0.498 0.502
1.000 0.361 0.639
1.000 0.192 0.808
1.000 0.358 0.642
1.000 0.497 0.503
1.000 0.413 0.587
1.000 0.593 0.407
1.000 0.255 0.745
1.000 0.462 0.538
1.000 0.306 0.694
1.000 0.432 0.568
1.000 0.441 0.559
1.000 0.315 0.685
1.000 0.321 0.679
1.000 0.513 0.487
1.000 0.273 0.727
1.000 0.449 0.551
1.000 0.555 0.445
1.000 0.529 0.471
1.000 0.562 0.438
1.000 0.465 0.535
1.000 0.237 0.763
1.000 0.434 0.566
1.000 0.246 0.754
1.000 0.339 0.661
1.000 0.308 0.692
1.000 0.580 0.420
1.000 0.403 0.597
1.000 0.582 0.418
1.000 0.511 0.489
1.000 0.300 0.700
1.000 0.352 0.648
1.000 0.356 0.644
1.000 0.501 0.499
1.000 0.312 0.688
1.000 0.484 0.516
1.000 0.407 0.593
1.000 0.499 0.501
1.000 0.481 0.519
1.000 0.509 0.491
1.000 0.340 0.660
1.000 0.371 0.629
1.000 0.500 0.500
1.000 0.505 0.495
1.000 0.420 0.580
1.000 0.405 0.595
1.000 0.437 0.563
1.000 0.365 0.635
1.000 0.579 0.421
1.000 0.514 0.486
1.000 0.260 0.740
1.000 0.393 0.607
1.000 0.259 0.741
1.000 0.463 0.537
1.000 0.397 0.603
1.000 0.085 0.915
1.000 0.393 0.607
1.000 0.503 0.497
1.000 0.269 0.731
1.000 0.248 0.752
1.000 0.509 0.491
1.000 0.406 0.594
1.000 0.461 0.539
1.000 0.303 0.697
1.000 0.524 0.476
1.000 0.599 0.401
1.000 0.258 0.742
1.000 0.525 0.475
1.000 0.449 0.551
1.000 0.480 0.520
1.000 0.415 0.585
1.000 0.522 0.478
1.000 0.318 0.682
1.000 0.286 0.714
1.000 0.149 0.851
1.000 0.489 0.511
1.000 0.344 0.656
1.000 0.170 0.830
1.000 0.287 0.713
1.000 0.506 0.494
1.000 0.579 0.421
1.000 0.458 0.542
1.000 0.442 0.558
1.000 0.153 0.847
1.000 0.568 0.432
1.000 0.509 0.491
1.000 0.328 0.672
1.000 0.343 0.657
1.000 0.328 0.672
1.000 0.340 0.660
1.000 0.291 0.709
1.000 0.400 0.600
1.000 0.432 0.568
1.000 0.556 0.444
1.000 0.554 0.446
1.000 0.397 0.603
1.000 0.602 0.398
1.000 0.401 0.599
1.000 0.528 0.472
1.000 0.526 0.474
1.000 0.428 0.572
1.000 0.351 0.649
1.000 0.466 0.534
1.000 0.338 0.662
1.000 0.560 0.440
1.000 0.467 0.533
1.000 0.299 0.701
1.000 0.365 0.635
1.000 0.354 0.646
1.000 0.533 0.467
1.000 0.281 0.719
1.000 0.564 0.436
1.000 0.457 0.543
1.000 0.295 0.705
1.000 0.297 0.703
1.000 0.434 0.566
1.000 0.387 0.613
1.000 0.492 0.508
1.000 0.575 0.425
1.000 0.281 0.719
1.000 0.438 0.562
1.000 0.482 0.518
1.000 0.516 0.484
1.000 0.412 0.588
1.000 0.599 0.401
1.000 0.484 0.516
1.000 0.318 0.682
1.000 0.432 0.568
1.000 0.472 0.528
1.000 0.501 0.499
1.000 0.594 0.406
1.000 0.499 0.501
1.000 0.260 0.740
1.000 0.319 0.681
1.000 0.445 0.555
1.000 0.612 0.388
1.000 0.383 0.617
1.000 0.518 0.482
1.000 0.430 0.570
1.000 0.459 0.541
1.000 0.248 0.752
1.000 0.403 0.597
1.000 0.540 0.460
1.000 0.512 0.488
1.000 0.557 0.443
1.000 0.425 0.575
1.000 0.309 0.691
1.000 0.589 0.411
1.000 0.477 0.523
1.000 0.591 0.409
1.000 0.279 0.721
1.000 0.430 0.570
1.000 0.240 0.760
1.000 0.571 0.429
1.000 0.357 0.643
1.000 0.509 0.491
1.000 0.262 0.738
1.000 0.421 0.579
1.000 0.442 0.558
1.000 0.268 0.732
1.000 0.599 0.401
1.000 0.618 0.382
1.000 0.452 0.548
1.000 0.308 0.692
1.000 0.349 0.651
1.000 0.566 0.434
1.000 0.508 0.492
1.000 0.437 0.563
1.000 0.540 0.460
1.000 0.522 0.478
1.000 0.595 0.405
1.000 0.259 0.741
1.000 0.381 0.619
1.000 0.472 0.528
1.000 0.344 0.656
1.000 0.307 0.693
1.000 0.371 0.629
1.000 0.525 0.475
1.000 0.499 0.501
1.000 0.546 0.454
1.000 0.312 0.688
1.000 0.531 0.469
1.000 0.498 0.502
1.000 0.491 0.509
1.000 0.476 0.524
1.000 0.466 0.534
1.000 0.512 0.488
1.000 0.355 0.645
1.000 0.487 0.513
1.000 0.438 0.562
1.000 0.306 0.694
1.000 0.478 0.522
1.000 0.620 0.380
1.000 0.278 0.722
1.000 0.449 0.551
1.000 0.268 0.732
1.000 0.419 0.581
1.000 0.434 0.566
1.000 0.264 0.736
1.000 0.527 0.473
1.000 0.281 0.719
1.000 0.415 0.585
1.000 0.411 0.589
1.000 0.446 0.554
1.000 0.480 0.520
1.000 0.610 0.390
1.000 0.542 0.458
1.000 0.506 0.494
1.000 0.446 0.554
1.000 0.317 0.683
1.000 0.350 0.650
1.000 0.350 0.650
1.000 0.479 0.521
1.000 0.367 0.633
1.000 0.285 0.715
1.000 0.423 0.577
1.000 0.519 0.481
1.000 0.448 0.552
1.000 0.397 0.603
1.000 0.291 0.709
1.000 0.546 0.454
1.000 0.203 0.797
1.000 0.494 0.506
1.000 0.554 0.446
1.000 0.527 0.473
1.000 0.391 0.609
1.000 0.395 0.605
1.000 0.378 0.622
1.000 0.413 0.587
1.000 0.356 0.644
1.000 0.418 0.582
1.000 0.457 0.543
1.000 0.588 0.412
1.000 0.560 0.440
1.000 0.503 0.497
1.000 0.204 0.796
1.000 0.519 0.481
1.000 0.459 0.541
1.000 0.426 0.574
1.000 0.328 0.672
1.000 0.445 0.555
1.000 0.497 0.503
1.000 0.483 0.517
1.000 0.332 0.668
1.000 0.460 0.540
1.000 0.549 0.451
1.000 0.401 0.599
1.000 0.409 0.591
1.000 0.362 0.638
1.000 0.497 0.503
1.000 0.357 0.643
1.000 0.340 0.660
1.000 0.365 0.635
1.000 0.231 0.769
1.000 0.332 0.668
1.000 0.434 0.566
1.000 0.530 0.470
1.000 0.547 0.453
1.000 0.515 0.485
1.000 0.542 0.458
1.000 0.439 0.561
1.000 0.394 0.606
1.000 0.442 0.558
1.000 0.393 0.607
1.000 0.375 0.625
1.000 0.436 0.564
1.000 0.396 0.604
1.000 0.375 0.625
1.000 0.556 0.444
1.000 0.474 0.526
1.000 0.619 0.381
1.000 0.387 0.613
1.000 0.485 0.515
1.000 0.334 0.666
1.000 0.417 0.583
1.000 0.339 0.661
1.000 0.565 0.435
-1.000 0.402 0.598
-1.000 0.473 0.527
-1.000 0.296 0.704
-1.000 0.160 0.840
-1.000 0.314 0.686
-1.000 0.472 0.528
-1.000 0.296 0.704
-1.000 0.406 0.594
-1.000 0.223 0.777
-1.000 0.483 0.517
-1.000 0.441 0.559
-1.000 0.332 0.668
-1.000 0.247 0.753
-1.000 0.378 0.622
-1.000 0.464 0.536
-1.000 0.322 0.678
-1.000 0.497 0.503
-1.000 0.461 0.539
-1.000 0.461 0.539
-1.000 0.480 0.520
-1.000 0.398 0.602
-1.000 0.341 0.659
-1.000 0.319 0.681
-1.000 0.399 0.601
-1.000 0.510 0.490
-1.000 0.312 0.688
-1.000 0.223 0.777
-1.000 0.495 0.505
-1.000 0.417 0.583
-1.000 0.215 0.785
-1.000 0.404 0.596
-1.000 0.380 0.620
-1.000 0.438 0.562
-1.000 0.583 0.417
-1.000 0.339 0.661
-1.000 0.033 0.967
-1.000 0.470 0.530
-1.000 0.463 0.537
-1.000 0.492 0.508
-1.000 0.453 0.547
-1.000 0.373 0.627
-1.000 0.526 0.474
-1.000 0.194 0.806
-1.000 0.347 0.653
-1.000 0.438 0.562
-1.000 0.472 0.528
-1.000 0.446 0.554
-1.000 0.608 0.392
-1.000 0.375 0.625
-1.000 0.347 0.653
-1.000 0.438 0.562
-1.000 0.334 0.666
-1.000 0.382 0.618
-1.000 0.174 0.826
-1.000 0.409 0.591
-1.000 0.433 0.567
-1.000 0.256 0.744
-1.000 0.479 0.521
-1.000 0.322 0.678
-1.000 0.340 0.660
-1.000 0.355 0.645
-1.000 0.384 0.616
-1.000 0.519 0.481
-1.000 0.277 0.723
-1.000 0.554 0.446
-1.000 0.526 0.474
-1.000 0.553 0.447
-1.000 0.291 0.709
-1.000 0.547 0.453
-1.000 0.583 0.417
-1.000 0.334 0.666
-1.000 0.254 0.746
-1.000 0.364 0.636
-1.000 0.386 0.614
-1.000 0.386 0.614
-1.000 0.366 0.634
-1.000 0.603 0.397
-1.000 0.197 0.803
-1.000 0.535 0.465
-1.000 0.482 0.518
-1.000 0.363 0.637
-1.000 0.248 0.752
-1.000 0.313 0.687
-1.000 0.594 0.406
-1.000 0.367 0.633
-1.000 0.240 0.760
-1.000 0.278 0.722
-1.000 0.534 0.466
-1.000 0.476 0.524
-1.000 0.350 0.650
-1.000 0.414 0.586
-1.000 0.234 0.766
-1.000 0.571 0.429
-1.000 0.391 0.609
-1.000 0.200 0.800
-1.000 0.615 0.385
-1.000 0.341 0.659
-1.000 0.227 0.773
-1.000 0.204 0.796
-1.000 0.148 0.852
-1.000 0.477 0.523
-1.000 0.207 0.793
-1.000 0.427 0.573
-1.000 0.525 0.475
-1.000 0.309 0.691
-1.000 0.448 0.552
-1.000 0.332 0.668
-1.000 0.396 0.604
-1.000 0.126 0.874
-1.000 0.595 0.405
-1.000 0.303 0.697
-1.000 0.341 0.659
-1.000 0.301 0.699
-1.000 0.269 0.731
-1.000 0.629 0.371
-1.000 0.539 0.461
-1.000 0.405 0.595
-1.000 0.401 0.599
-1.000 0.280 0.720
-1.000 0.220 0.780
-1.000 0.603 0.397
-1.000 0.352 0.648
-1.000 0.621 0.379
-1.000 0.512 0.488
-1.000 0.452 0.548
-1.000 0.245 0.755
-1.000 0.292 0.708
-1.000 0.391 0.609
-1.000 0.344 0.656
-1.000 0.541 0.459
-1.000 0.435 0.565
-1.000 0.399 0.601
-1.000 0.347 0.653
-1.000 0.477 0.523
-1.000 0.533 0.467
-1.000 0.236 0.764
-1.000 0.417 0.583
-1.000 0.150 0.850
-1.000 0.351 0.649
-1.000 0.615 0.385
-1.000 0.280 0.720
-1.000 0.496 0.504
-1.000 0.374 0.626
-1.000 0.236 0.764
-1.000 0.531 0.469
-1.000 0.287 0.713
-1.000 0.504 0.496
-1.000 0.439 0.561
-1.000 0.260 0.740
-1.000 0.220 0.780
-1.000 0.393 0.607
-1.000 0.375 0.625
-1.000 0.412 0.588
-1.000 0.253 0.747
-1.000 0.538 0.462
-1.000 0.442 0.558
-1.000 0.507 0.493
-1.000 0.337 0.663
-1.000 0.518 0.482
-1.000 0.379 0.621
-1.000 0.310 0.690
-1.000 0.165 0.835
-1.000 0.196 0.804
-1.000 0.567 0.433
-1.000 0.285 0.715
-1.000 0.255 0.745
-1.000 0.480 0.520
-1.000 0.473 0.527
-1.000 0.413 0.587
-1.000 0.603 0.397
-1.000 0.460 0.540
-1.000 0.507 0.493
-1.000 0.248 0.752
-1.000 0.499 0.501
-1.000 0.370 0.630
-1.000 0.380 0.620
-1.000 0.442 0.558
-1.000 0.432 0.568
-1.000 0.315 0.685
-1.000 0.566 0.434
-1.000 0.487 0.513
-1.000 0.314 0.686
-1.000 0.395 0.605
-1.000 0.489 0.511
-1.000 0.350 0.650
-1.000 0.414 0.586
-1.000 0.541 0.459
-1.000 0.456 0.544
-1.000 0.617 0.383
-1.000 0.369 0.631
-1.000 0.394 0.606
-1.000 0.262 0.738
-1.000 0.398 0.602
-1.000 0.291 0.709
-1.000 0.223 0.777
-1.000 0.194 0.806
-1.000 0.360 0.640
-1.000 0.557 0.443
-1.000 0.241 0.759
-1.000 0.470 0.530
-1.000 0.298 0.702
-1.000 0.552 0.448
-1.000 0.249 0.751
-1.000 0.350 0.650
-1.000 0.411 0.589
-1.000 0.162 0.838
-1.000 0.453 0.547
-1.000 0.446 0.554
-1.000 0.364 0.636
-1.000 0.367 0.633
-1.000 0.520 0.480
-1.000 0.489 0.511
-1.000 0.469 0.531
-1.000 0.358 0.642
-1.000 0.562 0.438
-1.000 0.364 0.636
-1.000 0.256 0.744
-1.000 0.330 0.670
-1.000 0.352 0.648
-1.000 0.397 0.603
-1.000 0.387 0.613
-1.000 0.278 0.722
-1.000 0.157 0.843
-1.000 0.351 0.649
-1.000 0.352 0.648
-1.000 0.385 0.615
-1.000 0.314 0.686
-1.000 0.486 0.514
-1.000 0.296 0.704
-1.000 0.418 0.582
-1.000 0.274 0.726
-1.000 0.411 0.589
-1.000 0.327 0.673
-1.000 0.319 0.681
-1.000 0.316 0.684
-1.000 0.537 0.463
-1.000 0.258 0.742
-1.000 0.361 0.639
-1.000 0.362 0.638
-1.000 0.610 0.390
-1.000 0.440 0.560
-1.000 0.345 0.655
-1.000 0.438 0.562
-1.000 0.381 0.619
-1.000 0.358 0.642
-1.000 0.283 0.717
-1.000 0.339 0.661
-1.000 0.363 0.637
-1.000 0.419 0.581
-1.000 0.317 0.683
-1.000 0.467 0.533
-1.000 0.466 0.534
-1.000 0.476 0.524
-1.000 0.507 0.493
-1.000 0.416 0.584
-1.000 0.358 0.642
-1.000 0.317 0.683
-1.000 0.295 0.705
-1.000 0.391 0.609
-1.000 0.293 0.707
-1.000 0.265 0.735
-1.000 0.319 0.681
-1.000 0.253 0.747
-1.000 0.226 0.774
-1.000 0.292 0.708
-1.000 0.211 0.789
-1.000 0.340 0.660
-1.000 0.437 0.563
-1.000 0.257 0.743
-1.000 0.433 0.567
-1.000 0.433 0.567
-1.000 0.361 0.639
-1.000 0.332 0.668
-1.000 0.364 0.636
-1.000 0.445 0.555
-1.000 0.624 0.376
-1.000 0.340 0.660
-1.000 0.278 0.722
-1.000 0.422 0.578
-1.000 0.244 0.756
-1.000 0.572 0.428
-1.000 0.467 0.533
-1.000 0.342 0.658
-1.000 0.348 0.652
-1.000 0.329 0.671
-1.000 0.186 0.814
-1.000 0.342 0.658
-1.000 0.559 0.441
-1.000 0.329 0.671
-1.000 0.562 0.438
-1.000 0.484 0.516
-1.000 0.193 0.807
-1.000 0.390 0.610
-1.000 0.423 0.577
-1.000 0.216 0.784
-1.000 0.331 0.669
-1.000 0.508 0.492
-1.000 0.128 0.872
-1.000 0.310 0.690
-1.000 0.548 0.452
-1.000 0.413 0.587
-1.000 0.317 0.683
-1.000 0.276 0.724
-1.000 0.293 0.707
-1.000 0.450 0.550
-1.000 0.333 0.667
-1.000 0.429 0.571
-1.000 0.494 0.506
-1.000 0.334 0.666
-1.000 0.551 0.449
-1.000 0.315 0.685
-1.000 0.448 0.552
-1.000 0.386 0.614
-1.000 0.437 0.563
-1.000 0.606 0.394
-1.000 0.107 0.893
-1.000 0.509 0.491
-1.000 0.345 0.655
-1.000 0.328 0.672
-1.000 0.414 0.586
-1.000 0.430 0.570
-1.000 0.479 0.521
-1.000 0.261 0.739
-1.000 0.466 0.534
-1.000 0.249 0.751
-1.000 0.338 0.662
-1.000 0.370 0.630
-1.000 0.340 0.660
-1.000 0.439 0.561
-1.000 0.229 0.771
-1.000 0.540 0.460
-1.000 0.467 0.533
-1.000 0.421 0.579
-1.000 0.464 0.536
-1.000 0.405 0.595
-1.000 0.246 0.754
-1.000 0.428 0.572
-1.000 0.105 0.895
-1.000 0.345 0.655
-1.000 0.335 0.665
-1.000 0.357 0.643
-1.000 0.115 0.885
-1.000 0.385 0.615
-1.000 0.251 0.749
-1.000 0.481 0.519
-1.000 0.326 0.674
-1.000 0.404 0.596
-1.000 0.129 0.871
-1.000 0.557 0.443
-1.000 0.329 0.671
-1.000 0.283 0.717
-1.000 0.240 0.760
-1.000 0.306 0.694
-1.000 0.411 0.589
-1.000 0.437 0.563
-1.000 0.329 0.671
-1.000 0.467 0.533
-1.000 0.169 0.831
-1.000 0.468 0.532
-1.000 0.344 0.656
-1.000 0.554 0.446
-1.000 0.410 0.590
-1.000 0.371 0.629
-1.000 0.332 0.668
-1.000 0.423 0.577
-1.000 0.279 0.721
-1.000 0.293 0.707
-1.000 0.337 0.663
-1.000 0.303 0.697
-1.000 0.463 0.537
-1.000 0.309 0.691
-1.000 0.269 0.731
-1.000 0.182 0.818
-1.000 0.462 0.538
-1.000 0.362 0.638
-1.000 0.415 0.585
-1.000 0.384 0.616
-1.000 0.386 0.614
-1.000 0.286 0.714
-1.000 0.386 0.614
-1.000 0.146 0.854
-1.000 0.544 0.456
-1.000 0.291 0.709
-1.000 0.359 0.641
-1.000 0.412 0.588
-1.000 0.354 0.646
-1.000 0.188 0.812
-1.000 0.443 0.557
-1.000 0.422 0.578
-1.000 0.333 0.667
-1.000 0.452 0.548
-1.000 0.546 0.454
-1.000 0.387 0.613
-1.000 0.272 0.728
-1.000 0.553 0.447
-1.000 0.513 0.487
-1.000 0.521 0.479
-1.000 0.258 0.742
-1.000 0.492 0.508
-1.000 0.544 0.455
-1.000 0.291 0.709
-1.000 0.323 0.677
-1.000 0.437 0.563
-1.000 0.434 0.566
-1.000 0.315 0.685
-1.000 0.308 0.692
-1.000 0.506 0.494
-1.000 0.514 0.486
-1.000 0.373 0.627
-1.000 0.421 0.579
-1.000 0.424 0.576
-1.000 0.454 0.546
-1.000 0.293 0.707
-1.000 0.492 0.508
-1.000 0.439 0.561
-1.000 0.365 0.635
-1.000 0.277 0.723
-1.000 0.264 0.736
-1.000 0.432 0.568
-1.000 0.364 0.636
-1.000 0.398 0.602
-1.000 0.305 0.695
-1.000 0.324 0.676
-1.000 0.291 0.709
-1.000 0.401 0.599
-1.000 0.368 0.632
-1.000 0.308 0.692
-1.000 0.399 0.601
-1.000 0.480 0.520
-1.000 0.506 0.494
-1.000 0.360 0.640
-1.000 0.568 0.432
-1.000 0.278 0.722
-1.000 0.294 0.706
-1.000 0.468 0.532
-1.000 0.276 0.724
-1.000 0.234 0.766
-1.000 0.233 0.767
-1.000 0.354 0.646
-1.000 0.407 0.593
-1.000 0.419 0.581
-1.000 0.344 0.656
-1.000 0.435 0.565
-1.000 0.554 0.446
-1.000 0.497 0.503
-1.000 0.175 0.825
-1.000 0.286 0.714
-1.000 0.299 0.701
-1.000 0.131 0.869
-1.000 0.345 0.655
-1.000 0.098 0.902
-1.000 0.157 0.843
-1.000 0.359 0.641
-1.000 0.253 0.747
-1.000 0.340 0.660
-1.000 0.408 0.592
-1.000 0.506 0.494
-1.000 0.371 0.629
-1.000 0.321 0.679
-1.000 0.257 0.743
-1.000 0.394 0.606
-1.000 0.376 0.624
-1.000 0.349 0.651
-1.000 0.312 0.688
-1.000 0.483 0.517
-1.000 0.540 0.460
-1.000 0.361 0.639
-1.000 0.322 0.678
-1.000 0.426 0.574
-1.000 0.578 0.422
-1.000 0.555 0.445
-1.000 0.375 0.625
-1.000 0.340 0.660
-1.000 0.550 0.450
-1.000 0.161 0.839
-1.000 0.281 0.719
-1.000 0.224 0.776
-1.000 0.330 0.670
-1.000 0.513 0.487
-1.000 0.371 0.629
-1.000 0.545 0.455
-1.000 0.480 0.520
-1.000 0.426 0.574
-1.000 0.267 0.733
-1.000 0.281 0.719
-1.000 0.445 0.555
-1.000 0.456 0.544
-1.000 0.352 0.648
-1.000 0.466 0.534
-1.000 0.381 0.619
-1.000 0.387 0.613
-1.000 0.351 0.649
-1.000 0.314 0.686
-1.000 0.446 0.554
-1.000 0.518 0.482
-1.000 0.251 0.749
-1.000 0.380 0.620
-1.000 0.357 0.643
-1.000 0.397 0.603
-1.000 0.419 0.581
-1.000 0.248 0.752
-1.000 0.482 0.518
-1.000 0.444 0.556
-1.000 0.288 0.712
-1.000 0.206 0.794
-1.000 0.360 0.640
-1.000 0.411 0.589
-1.000 0.495 0.505
-1.000 0.385 0.615
-1.000 0.424 0.576
-1.000 0.456 0.544
-1.000 0.331 0.669
-1.000 0.448 0.552
-1.000 0.279 0.721
-1.000 0.407 0.593
-1.000 0.325 0.675
-1.000 0.457 0.543
-1.000 0.191 0.809
-1.000 0.463 0.537
-1.000 0.288 0.712
-1.000 0.448 0.552
-1.000 0.257 0.743
-1.000 0.375 0.625
-1.000 0.488 0.512
-1.000 0.337 0.663
-1.000 0.476 0.524
-1.000 0.474 0.526
-1.000 0.428 0.572
-1.000 0.465 0.535
-1.000 0.589 0.411
-1.000 0.449 0.551
-1.000 0.314 0.686
-1.000 0.633 0.367
-1.000 0.471 0.529
-1.000 0.211 0.789
-1.000 0.421 0.579
-1.000 0.421 0.579
-1.000 0.381 0.619
-1.000 0.405 0.595
-1.000 0.328 0.672
-1.000 0.415 0.585
-1.000 0.396 0.604
-1.000 0.335 0.665
-1.000 0.332 0.668
-1.000 0.328 0.672
-1.000 0.342 0.658
-1.000 0.381 0.619
-1.000 0.425 0.575
-1.000 0.348 0.652
-1.000 0.469 0.531
-1.000 0.210 0.790
-1.000 0.200 0.800
-1.000 0.362 0.638
-1.000 0.501 0.499
-1.000 0.392 0.608
-1.000 0.603 0.397
-1.000 0.344 0.656
-1.000 0.275 0.725
-1.000 0.337 0.663
-1.000 0.293 0.707
-1.000 0.475 0.525
-1.000 0.379 0.621
-1.000 0.148 0.852
-1.000 0.371 0.629
-1.000 0.461 0.539
-1.000 0.185 0.815
-1.000 0.303 0.697
-1.000 0.328 0.672
-1.000 0.279 0.721
-1.000 0.500 0.500
-1.000 0.470 0.530
-1.000 0.338 0.662
-1.000 0.214 0.786
-1.000 0.299 0.701
-1.000 0.276 0.724
-1.000 0.243 0.757
-1.000 0.290 0.710
-1.000 0.512 0.488
-1.000 0.201 0.799
-1.000 0.252 0.748
-1.000 0.288 0.712
-1.000 0.294 0.706
-1.000 0.311 0.689
-1.000 0.376 0.624
-1.000 0.466 0.534
-1.000 0.231 0.769
-1.000 0.486 0.514
-1.000 0.299 0.701
-1.000 0.310 0.690
-1.000 0.201 0.799
-1.000 0.555 0.445
-1.000 0.337 0.663
-1.000 0.406 0.594
-1.000 0.582 0.418
-1.000 0.334 0.666
-1.000 0.229 0.771
-1.000 0.379 0.621
-1.000 0.318 0.682
-1.000 0.574 0.426
-1.000 0.324 0.676
-1.000 0.619 0.381
-1.000 0.337 0.663
-1.000 0.416 0.584
-1.000 0.249 0.751
-1.000 0.476 0.524
-1.000 0.560 0.440
-1.000 0.488 0.512
-1.000 0.261 0.739
-1.000 0.408 0.592
-1.000 0.364 0.636
-1.000 0.562 0.438
-1.000 0.516 0.484
-1.000 0.458 0.542
-1.000 0.418 0.582
-1.000 0.335 0.665
-1.000 0.473 0.527
-1.000 0.166 0.834
-1.000 0.495 0.505
-1.000 0.396 0.604
-1.000 0.278 0.722
-1.000 0.409 0.591
