# True_Label,-1,+1
1.000 0.400 0.600
-1.000 0.600 0.400
1.000 0.400 0.600
1.000 0.200 0.800
1.000 0.800 0.200
1.000 0.800 0.200
1.000 0.600 0.400
-1.000 0.400 0.600
1.000 1.000 0.000
1.000 0.600 0.400
1.000 0.600 0.400
-1.000 0.200 0.800
-1.000 0.400 0.600
1.000 1.000 0.000
-1.000 0.200 0.800
-1.000 0.400 0.600
1.000 0.200 0.800
1.000 0.400 0.600
1.000 0.400 0.600
-1.000 0.400 0.600
-1.000 1.000 0.000
1.000 0.600 0.400
-1.000 0.400 0.600
1.000 0.800 0.200
1.000 0.800 0.200
1.000 0.400 0.600
1.000 0.800 0.200
1.000 0.800 0.200
1.000 0.800 0.200
-1.000 1.000 0.000
1.000 0.600 0.400
-1.000 0.200 0.800
1.000 0.800 0.200
-1.000 0.600 0.400
-1.000 0.800 0.200
1.000 0.400 0.600
-1.000 0.600 0.400
-1.000 0.800 0.200
1.000 0.200 0.800
-1.000 0.400 0.600
1.000 0.400 0.600
-1.000 0.600 0.400
1.000 0.200 0.800
1.000 0.600 0.400
1.000 0.800 0.200
1.000 0.600 0.400
1.000 0.400 0.600
-1.000 0.400 0.600
-1.000 0.400 0.600
-1.000 0.200 0.800
-1.000 0.000 1.000
-1.000 0.800 0.200
1.000 0.600 0.400
-1.000 0.200 0.800
1.000 0.800 0.200
-1.000 0.400 0.600
1.000 0.000 1.000
1.000 0.600 0.400
-1.000 0.800 0.200
-1.000 0.200 0.800
-1.000 0.600 0.400
1.000 0.400 0.600
-1.000 0.600 0.400
-1.000 0.600 0.400
1.000 0.800 0.200
1.000 0.800 0.200
1.000 0.600 0.400
1.000 0.400 0.600
-1.000 0.600 0.400
1.000 0.200 0.800
-1.000 0.200 0.800
1.000 0.400 0.600
-1.000 0.400 0.600
1.000 0.800 0.200
-1.000 0.200 0.800
1.000 0.600 0.400
1.000 0.800 0.200
1.000 0.400 0.600
-1.000 0.600 0.400
-1.000 0.400 0.600
1.000 0.600 0.400
1.000 0.600 0.400
-1.000 0.200 0.800
1.000 0.600 0.400
-1.000 0.200 0.800
1.000 0.200 0.800
1.000 0.600 0.400
1.000 0.600 0.400
1.000 0.800 0.200
-1.000 0.200 0.800
-1.000 0.400 0.600
1.000 0.600 0.400
1.000 0.800 0.200
1.000 0.800 0.200
-1.000 0.200 0.800
-1.000 0.200 0.800
1.000 0.800 0.200
1.000 0.800 0.200
1.000 1.000 0.000
-1.000 0.200 0.800
1.000 0.600 0.400
1.000 0.600 0.400
-1.000 0.600 0.400
1.000 0.800 0.200
-1.000 0.800 0.200
1.000 0.200 0.800
-1.000 0.200 0.800
1.000 0.600 0.400
1.000 0.800 0.200
-1.000 0.200 0.800
-1.000 0.800 0.200
1.000 0.800 0.200
-1.000 0.400 0.600
1.000 0.400 0.600
1.000 1.000 0.000
1.000 0.600 0.400
-1.000 0.200 0.800
-1.000 0.600 0.400
1.000 0.600 0.400
1.000 0.400 0.600
1.000 0.800 0.200
-1.000 0.400 0.600
-1.000 0.800 0.200
-1.000 0.600 0.400
1.000 0.200 0.800
1.000 0.400 0.600
-1.000 0.400 0.600
-1.000 0.800 0.200
1.000 0.600 0.400
-1.000 0.000 1.000
1.000 0.800 0.200
1.000 0.600 0.400
-1.000 0.400 0.600
-1.000 0.400 0.600
-1.000 0.600 0.400
1.000 0.800 0.200
1.000 0.600 0.400
-1.000 0.600 0.400
-1.000 0.400 0.600
1.000 0.000 1.000
1.000 0.200 0.800
1.000 0.600 0.400
-1.000 0.400 0.600
-1.000 0.400 0.600
1.000 0.600 0.400
1.000 0.600 0.400
1.000 0.800 0.200
-1.000 0.000 1.000
1.000 0.600 0.400
1.000 0.400 0.600
-1.000 0.200 0.800
-1.000 0.600 0.400
-1.000 0.400 0.600
-1.000 0.200 0.800
1.000 0.800 0.200
-1.000 1.000 0.000
-1.000 0.200 0.800
-1.000 0.400 0.600
-1.000 1.000 0.000
-1.000 0.400 0.600
1.000 0.200 0.800
1.000 0.800 0.200
1.000 0.200 0.800
1.000 0.400 0.600
1.000 1.000 0.000
-1.000 0.600 0.400
-1.000 0.800 0.200
1.000 0.600 0.400
1.000 0.600 0.400
-1.000 0.400 0.600
-1.000 0.400 0.600
-1.000 0.400 0.600
-1.000 0.200 0.800
-1.000 0.200 0.800
1.000 0.200 0.800
-1.000 0.000 1.000
-1.000 0.400 0.600
1.000 1.000 0.000
1.000 0.600 0.400
-1.000 0.000 1.000
-1.000 0.600 0.400
1.000 0.800 0.200
1.000 0.600 0.400
1.000 0.800 0.200
1.000 1.000 0.000
-1.000 0.400 0.600
-1.000 0.600 0.400
-1.000 0.800 0.200
-1.000 0.000 1.000
1.000 0.800 0.200
1.000 0.400 0.600
1.000 0.200 0.800
1.000 0.400 0.600
1.000 0.800 0.200
-1.000 0.200 0.800
-1.000 0.600 0.400
-1.000 0.400 0.600
1.000 0.400 0.600
1.000 0.400 0.600
1.000 0.400 0.600
1.000 1.000 0.000
-1.000 0.200 0.800
-1.000 0.400 0.600
-1.000 0.800 0.200
1.000 1.000 0.000
1.000 0.600 0.400
-1.000 0.400 0.600
1.000 0.600 0.400
1.000 1.000 0.000
1.000 0.800 0.200
-1.000 0.400 0.600
1.000 0.800 0.200
-1.000 0.400 0.600
-1.000 0.200 0.800
-1.000 0.400 0.600
1.000 0.000 1.000
-1.000 0.200 0.800
1.000 0.200 0.800
-1.000 0.200 0.800
1.000 0.800 0.200
1.000 0.200 0.800
1.000 0.600 0.400
1.000 0.800 0.200
1.000 0.800 0.200
1.000 0.400 0.600
-1.000 0.400 0.600
1.000 0.200 0.800
-1.000 1.000 0.000
-1.000 0.600 0.400
1.000 0.600 0.400
-1.000 0.400 0.600
1.000 0.400 0.600
1.000 0.800 0.200
1.000 0.400 0.600
-1.000 0.600 0.400
-1.000 0.600 0.400
1.000 0.600 0.400
-1.000 0.000 1.000
-1.000 0.200 0.800
1.000 0.800 0.200
1.000 0.200 0.800
1.000 0.600 0.400
-1.000 0.400 0.600
-1.000 0.400 0.600
-1.000 0.600 0.400
-1.000 0.800 0.200
1.000 0.400 0.600
1.000 0.200 0.800
1.000 0.400 0.600
1.000 0.800 0.200
-1.000 0.200 0.800
-1.000 0.800 0.200
1.000 0.400 0.600
-1.000 0.600 0.400
1.000 0.200 0.800
1.000 1.000 0.000
1.000 0.600 0.400
-1.000 0.600 0.400
-1.000 0.000 1.000
-1.000 0.800 0.200
-1.000 0.400 0.600
-1.000 0.600 0.400
-1.000 0.800 0.200
-1.000 0.200 0.800
1.000 0.400 0.600
1.000 0.400 0.600
-1.000 0.200 0.800
-1.000 0.200 0.800
-1.000 1.000 0.000
1.000 0.400 0.600
1.000 0.600 0.400
1.000 0.800 0.200
1.000 0.800 0.200
1.000 0.800 0.200
-1.000 0.600 0.400
1.000 0.600 0.400
-1.000 0.000 1.000
-1.000 0.600 0.400
-1.000 0.600 0.400
1.000 0.600 0.400
1.000 0.400 0.600
-1.000 0.600 0.400
1.000 0.200 0.800
1.000 0.600 0.400
1.000 0.600 0.400
-1.000 0.200 0.800
-1.000 0.400 0.600
1.000 1.000 0.000
1.000 0.200 0.800
1.000 0.600 0.400
1.000 0.000 1.000
-1.000 0.400 0.600
1.000 0.800 0.200
-1.000 0.400 0.600
-1.000 0.200 0.800
-1.000 0.600 0.400
1.000 0.400 0.600
-1.000 0.000 1.000
-1.000 0.200 0.800
-1.000 0.000 1.000
-1.000 0.600 0.400
-1.000 0.600 0.400
-1.000 0.800 0.200
1.000 0.400 0.600
-1.000 0.600 0.400
1.000 0.600 0.400
1.000 0.200 0.800
-1.000 0.400 0.600
1.000 0.400 0.600
-1.000 0.800 0.200
1.000 0.600 0.400
-1.000 0.200 0.800
-1.000 0.600 0.400
-1.000 0.400 0.600
-1.000 0.400 0.600
1.000 0.600 0.400
-1.000 0.600 0.400
-1.000 0.600 0.400
-1.000 0.400 0.600
-1.000 0.200 0.800
1.000 0.800 0.200
1.000 0.200 0.800
1.000 0.600 0.400
1.000 0.800 0.200
1.000 0.200 0.800
1.000 0.600 0.400
1.000 0.600 0.400
-1.000 0.600 0.400
-1.000 1.000 0.000
-1.000 0.400 0.600
1.000 0.800 0.200
1.000 0.600 0.400
1.000 0.600 0.400
1.000 0.400 0.600
1.000 0.400 0.600
1.000 0.800 0.200
-1.000 0.400 0.600
-1.000 0.600 0.400
-1.000 0.400 0.600
-1.000 0.400 0.600
-1.000 0.200 0.800
-1.000 0.400 0.600
-1.000 0.400 0.600
1.000 0.600 0.400
-1.000 0.600 0.400
-1.000 0.600 0.400
1.000 0.600 0.400
1.000 0.200 0.800
1.000 0.400 0.600
-1.000 0.200 0.800
-1.000 1.000 0.000
1.000 1.000 0.000
-1.000 0.200 0.800
-1.000 0.400 0.600
1.000 0.800 0.200
-1.000 0.400 0.600
-1.000 0.200 0.800
-1.000 0.400 0.600
1.000 0.400 0.600
1.000 0.400 0.600
-1.000 0.200 0.800
1.000 0.600 0.400
-1.000 0.400 0.600
1.000 0.200 0.800
-1.000 0.800 0.200
-1.000 0.400 0.600
1.000 0.400 0.600
-1.000 0.800 0.200
-1.000 0.400 0.600
1.000 0.400 0.600
1.000 0.600 0.400
-1.000 0.600 0.400
-1.000 0.800 0.200
-1.000 0.400 0.600
1.000 1.000 0.000
1.000 0.800 0.200
-1.000 0.200 0.800
1.000 0.600 0.400
1.000 0.800 0.200
1.000 1.000 0.000
-1.000 0.200 0.800
-1.000 0.600 0.400
-1.000 0.000 1.000
1.000 0.600 0.400
1.000 0.800 0.200
-1.000 0.200 0.800
-1.000 0.200 0.800
1.000 0.400 0.600
1.000 0.400 0.600
1.000 0.400 0.600
1.000 1.000 0.000
1.000 0.600 0.400
1.000 0.400 0.600
1.000 0.400 0.600
-1.000 0.200 0.800
1.000 0.600 0.400
1.000 0.400 0.600
1.000 0.600 0.400
-1.000 0.600 0.400
1.000 0.600 0.400
1.000 0.400 0.600
-1.000 0.400 0.600
-1.000 0.400 0.600
1.000 0.000 1.000
1.000 0.400 0.600
1.000 0.600 0.400
1.000 0.600 0.400
-1.000 0.400 0.600
-1.000 0.400 0.600
-1.000 0.400 0.600
1.000 0.000 1.000
-1.000 0.200 0.800
-1.000 0.200 0.800
1.000 0.800 0.200
-1.000 0.600 0.400
1.000 0.800 0.200
1.000 0.400 0.600
-1.000 0.400 0.600
-1.000 0.400 0.600
-1.000 0.200 0.800
-1.000 0.200 0.800
-1.000 0.600 0.400
1.000 0.600 0.400
1.000 0.600 0.400
-1.000 0.200 0.800
-1.000 0.200 0.800
1.000 0.400 0.600
-1.000 0.800 0.200
1.000 1.000 0.000
1.000 0.200 0.800
-1.000 0.400 0.600
1.000 0.600 0.400
1.000 0.000 1.000
-1.000 0.400 0.600
1.000 1.000 0.000
1.000 0.800 0.200
-1.000 0.200 0.800
-1.000 0.800 0.200
-1.000 0.400 0.600
-1.000 0.400 0.600
1.000 0.600 0.400
-1.000 0.400 0.600
1.000 0.400 0.600
1.000 0.600 0.400
-1.000 0.400 0.600
1.000 0.600 0.400
1.000 0.000 1.000
1.000 0.800 0.200
1.000 0.200 0.800
1.000 0.400 0.600
1.000 0.400 0.600
-1.000 0.800 0.200
-1.000 1.000 0.000
-1.000 0.000 1.000
1.000 0.600 0.400
-1.000 0.600 0.400
1.000 1.000 0.000
-1.000 0.200 0.800
-1.000 0.400 0.600
1.000 0.400 0.600
1.000 0.600 0.400
-1.000 0.400 0.600
-1.000 1.000 0.000
1.000 1.000 0.000
-1.000 0.600 0.400
1.000 0.800 0.200
1.000 1.000 0.000
-1.000 0.600 0.400
1.000 0.400 0.600
1.000 0.400 0.600
1.000 0.400 0.600
-1.000 0.800 0.200
-1.000 0.600 0.400
-1.000 0.200 0.800
-1.000 0.600 0.400
1.000 0.800 0.200
1.000 1.000 0.000
1.000 0.400 0.600
-1.000 0.600 0.400
1.000 0.400 0.600
1.000 1.000 0.000
-1.000 0.400 0.600
1.000 0.600 0.400
1.000 0.400 0.600
-1.000 0.200 0.800
1.000 0.200 0.800
1.000 0.600 0.400
-1.000 0.600 0.400
-1.000 0.000 1.000
1.000 0.800 0.200
1.000 0.800 0.200
1.000 0.200 0.800
1.000 0.600 0.400
-1.000 0.200 0.800
-1.000 0.200 0.800
1.000 0.400 0.600
1.000 1.000 0.000
1.000 0.600 0.400
1.000 0.600 0.400
-1.000 0.200 0.800
